TSASCAN;01-06-2023;22:16:58;0;2404;2406;55,00;5,00;100;Logmag;dB;0;0
2404000000;-8,6380
2404020202;-8,6172
2404040404;-8,6623
2404060606;-8,6198
2404080808;-8,6483
2404101010;-8,6797
2404121212;-8,6580
2404141414;-8,6814
2404161616;-8,6827
2404181818;-8,7177
2404202020;-8,7457
2404222222;-8,7246
2404242424;-8,7819
2404262626;-8,7549
2404282828;-8,7753
2404303030;-8,8232
2404323232;-8,7949
2404343434;-8,8437
2404363636;-8,8064
2404383838;-8,8343
2404404040;-8,8141
2404424242;-8,8479
2404444444;-8,8842
2404464646;-8,8558
2404484848;-8,8605
2404505050;-8,8452
2404525252;-8,8821
2404545454;-8,9155
2404565656;-8,9050
2404585858;-8,9081
2404606060;-8,9418
2404626262;-8,9529
2404646464;-8,9499
2404666666;-8,9968
2404686868;-8,9976
2404707070;-9,0185
2404727272;-9,0398
2404747474;-9,0317
2404767676;-9,0406
2404787878;-9,1039
2404808080;-9,0897
2404828282;-9,1103
2404848484;-9,1332
2404868686;-9,1181
2404888888;-9,1338
2404909090;-9,1374
2404929292;-9,1670
2404949494;-9,1685
2404969696;-9,1508
2404989898;-9,2221
2405010100;-9,2004
2405030302;-9,2020
2405050504;-9,2212
2405070706;-9,2619
2405090908;-9,2875
2405111110;-9,2557
2405131312;-9,3170
2405151514;-9,3071
2405171716;-9,3329
2405191918;-9,3795
2405212120;-9,3980
2405232322;-9,3987
2405252524;-9,4133
2405272726;-9,4541
2405292928;-9,4429
2405313130;-9,4711
2405333332;-9,4618
2405353534;-9,5075
2405373736;-9,5385
2405393938;-9,5321
2405414140;-9,5213
2405434342;-9,5376
2405454544;-9,5581
2405474746;-9,5930
2405494948;-9,6289
2405515150;-9,6420
2405535352;-9,6272
2405555554;-9,6795
2405575756;-9,6776
2405595958;-9,7471
2405616160;-9,7022
2405636362;-9,7379
2405656564;-9,8128
2405676766;-9,7938
2405696968;-9,8299
2405717170;-9,8346
2405737372;-9,9004
2405757574;-9,9058
2405777776;-9,9215
2405797978;-9,9669
2405818180;-9,9897
2405838382;-10,0059
2405858584;-10,0371
2405878786;-10,0551
2405898988;-10,0753
2405919190;-10,0931
2405939392;-10,0933
2405959594;-10,1024
2405979796;-10,1460
2405999998;-10,1866
