TSASCAN;01-06-2023;21:44:49;0;2404;2406;55,00;5,00;100;Logmag;dB;0;0
2404000000;-11,0213
2404020202;-10,9732
2404040404;-10,9104
2404060606;-10,8871
2404080808;-10,8739
2404101010;-10,7872
2404121212;-10,7744
2404141414;-10,6964
2404161616;-10,6502
2404181818;-10,6086
2404202020;-10,5641
2404222222;-10,4919
2404242424;-10,4473
2404262626;-10,4231
2404282828;-10,3644
2404303030;-10,3795
2404323232;-10,2732
2404343434;-10,2841
2404363636;-10,2262
2404383838;-10,2129
2404404040;-10,1439
2404424242;-10,1591
2404444444;-10,0881
2404464646;-10,0535
2404484848;-9,9848
2404505050;-9,9479
2404525252;-9,9363
2404545454;-9,8886
2404565656;-9,8886
2404585858;-9,8344
2404606060;-9,7808
2404626262;-9,7274
2404646464;-9,7126
2404666666;-9,7053
2404686868;-9,6563
2404707070;-9,6122
2404727272;-9,5701
2404747474;-9,5436
2404767676;-9,5223
2404787878;-9,4687
2404808080;-9,4342
2404828282;-9,4140
2404848484;-9,3865
2404868686;-9,3363
2404888888;-9,3495
2404909090;-9,2717
2404929292;-9,2882
2404949494;-9,2184
2404969696;-9,2066
2404989898;-9,1713
2405010100;-9,1293
2405030302;-9,1260
2405050504;-9,0968
2405070706;-9,0547
2405090908;-9,0362
2405111110;-8,9939
2405131312;-8,9784
2405151514;-8,9815
2405171716;-8,9423
2405191918;-8,8790
2405212120;-8,8769
2405232322;-8,8399
2405252524;-8,8542
2405272726;-8,7838
2405292928;-8,7572
2405313130;-8,7721
2405333332;-8,7455
2405353534;-8,7049
2405373736;-8,6996
2405393938;-8,6696
2405414140;-8,6497
2405434342;-8,6243
2405454544;-8,5814
2405474746;-8,5990
2405494948;-8,5624
2405515150;-8,5178
2405535352;-8,5248
2405555554;-8,4948
2405575756;-8,4997
2405595958;-8,4490
2405616160;-8,4240
2405636362;-8,4026
2405656564;-8,3834
2405676766;-8,3602
2405696968;-8,3394
2405717170;-8,3297
2405737372;-8,3385
2405757574;-8,3212
2405777776;-8,2658
2405797978;-8,2458
2405818180;-8,2817
2405838382;-8,2237
2405858584;-8,2119
2405878786;-8,1921
2405898988;-8,1839
2405919190;-8,1418
2405939392;-8,1459
2405959594;-8,1286
2405979796;-8,1197
2405999998;-8,1107
