TSASCAN;01-06-2023;22:19:25;0;2404;2406;55,00;5,00;100;Logmag;dB;0;0
2404000000;-2,9661
2404020202;-2,9461
2404040404;-2,9752
2404060606;-2,9800
2404080808;-2,9839
2404101010;-2,9642
2404121212;-2,9923
2404141414;-2,9981
2404161616;-2,9985
2404181818;-2,9904
2404202020;-3,0123
2404222222;-3,0024
2404242424;-3,0200
2404262626;-3,0286
2404282828;-3,0190
2404303030;-3,0342
2404323232;-3,0261
2404343434;-3,0409
2404363636;-3,0577
2404383838;-3,0425
2404404040;-3,0526
2404424242;-3,0695
2404444444;-3,0683
2404464646;-3,0820
2404484848;-3,0669
2404505050;-3,0776
2404525252;-3,0926
2404545454;-3,0996
2404565656;-3,1009
2404585858;-3,1130
2404606060;-3,1088
2404626262;-3,1025
2404646464;-3,1229
2404666666;-3,1311
2404686868;-3,1448
2404707070;-3,1602
2404727272;-3,1460
2404747474;-3,1652
2404767676;-3,1570
2404787878;-3,1763
2404808080;-3,1697
2404828282;-3,1716
2404848484;-3,1976
2404868686;-3,2057
2404888888;-3,1961
2404909090;-3,2029
2404929292;-3,2163
2404949494;-3,2155
2404969696;-3,2298
2404989898;-3,2422
2405010100;-3,2609
2405030302;-3,2752
2405050504;-3,2771
2405070706;-3,2903
2405090908;-3,2998
2405111110;-3,3066
2405131312;-3,2939
2405151514;-3,3232
2405171716;-3,3257
2405191918;-3,3367
2405212120;-3,3254
2405232322;-3,3434
2405252524;-3,3441
2405272726;-3,3534
2405292928;-3,3716
2405313130;-3,3843
2405333332;-3,4061
2405353534;-3,3951
2405373736;-3,4302
2405393938;-3,4370
2405414140;-3,4391
2405434342;-3,4473
2405454544;-3,4489
2405474746;-3,4794
2405494948;-3,4937
2405515150;-3,4987
2405535352;-3,5005
2405555554;-3,5366
2405575756;-3,5187
2405595958;-3,5340
2405616160;-3,5417
2405636362;-3,5659
2405656564;-3,5883
2405676766;-3,5890
2405696968;-3,5766
2405717170;-3,6097
2405737372;-3,6129
2405757574;-3,6324
2405777776;-3,6466
2405797978;-3,6432
2405818180;-3,6725
2405838382;-3,6744
2405858584;-3,7061
2405878786;-3,6953
2405898988;-3,7217
2405919190;-3,7298
2405939392;-3,7605
2405959594;-3,7803
2405979796;-3,7658
2405999998;-3,7982
