TSASCAN;01-06-2023;21:48:24;0;2404;2406;55,00;5,00;100;Logmag;dB;0;0
2404000000;-1,1592
2404020202;-1,1477
2404040404;-1,1420
2404060606;-1,1392
2404080808;-1,1342
2404101010;-1,1217
2404121212;-1,1182
2404141414;-1,1231
2404161616;-1,1024
2404181818;-1,1164
2404202020;-1,1035
2404222222;-1,1083
2404242424;-1,0890
2404262626;-1,0860
2404282828;-1,0855
2404303030;-1,0879
2404323232;-1,0645
2404343434;-1,0814
2404363636;-1,0745
2404383838;-1,0771
2404404040;-1,0502
2404424242;-1,0656
2404444444;-1,0420
2404464646;-1,0478
2404484848;-1,0406
2404505050;-1,0515
2404525252;-1,0312
2404545454;-1,0390
2404565656;-1,0474
2404585858;-1,0242
2404606060;-1,0345
2404626262;-1,0406
2404646464;-1,0235
2404666666;-1,0301
2404686868;-1,0249
2404707070;-1,0188
2404727272;-1,0148
2404747474;-1,0131
2404767676;-1,0177
2404787878;-1,0104
2404808080;-1,0029
2404828282;-1,0076
2404848484;-1,0039
2404868686;-0,9963
2404888888;-1,0020
2404909090;-0,9994
2404929292;-0,9981
2404949494;-0,9844
2404969696;-0,9983
2404989898;-1,0004
2405010100;-1,0001
2405030302;-1,0039
2405050504;-0,9966
2405070706;-1,0007
2405090908;-1,0069
2405111110;-0,9945
2405131312;-0,9977
2405151514;-0,9905
2405171716;-1,0092
2405191918;-0,9932
2405212120;-0,9959
2405232322;-1,0134
2405252524;-1,0056
2405272726;-1,0118
2405292928;-1,0096
2405313130;-1,0140
2405333332;-1,0209
2405353534;-1,0198
2405373736;-1,0266
2405393938;-1,0284
2405414140;-1,0119
2405434342;-1,0346
2405454544;-1,0228
2405474746;-1,0424
2405494948;-1,0248
2405515150;-1,0361
2405535352;-1,0463
2405555554;-1,0414
2405575756;-1,0346
2405595958;-1,0622
2405616160;-1,0470
2405636362;-1,0512
2405656564;-1,0604
2405676766;-1,0697
2405696968;-1,0703
2405717170;-1,0701
2405737372;-1,0781
2405757574;-1,0857
2405777776;-1,0815
2405797978;-1,0973
2405818180;-1,0921
2405838382;-1,1019
2405858584;-1,1168
2405878786;-1,1144
2405898988;-1,1244
2405919190;-1,1224
2405939392;-1,1271
2405959594;-1,1384
2405979796;-1,1410
2405999998;-1,1490
