TSASCAN;01-06-2023;22:28:13;0;2404;2406;55,00;5,00;100;Logmag;dB;0;0
2404000000;-8,7762
2404020202;-8,7413
2404040404;-8,7229
2404060606;-8,6803
2404080808;-8,6324
2404101010;-8,6349
2404121212;-8,5868
2404141414;-8,5553
2404161616;-8,4935
2404181818;-8,4721
2404202020;-8,4301
2404222222;-8,3932
2404242424;-8,3628
2404262626;-8,3283
2404282828;-8,3082
2404303030;-8,2671
2404323232;-8,2386
2404343434;-8,2291
2404363636;-8,1594
2404383838;-8,1582
2404404040;-8,1399
2404424242;-8,0769
2404444444;-8,0627
2404464646;-8,0380
2404484848;-7,9865
2404505050;-7,9863
2404525252;-7,9332
2404545454;-7,8961
2404565656;-7,8994
2404585858;-7,8498
2404606060;-7,8756
2404626262;-7,8379
2404646464;-7,8168
2404666666;-7,7642
2404686868;-7,7674
2404707070;-7,7394
2404727272;-7,6916
2404747474;-7,6667
2404767676;-7,6342
2404787878;-7,6147
2404808080;-7,5871
2404828282;-7,5800
2404848484;-7,5488
2404868686;-7,5271
2404888888;-7,5243
2404909090;-7,4918
2404929292;-7,4602
2404949494;-7,4535
2404969696;-7,4176
2404989898;-7,3996
2405010100;-7,4020
2405030302;-7,3812
2405050504;-7,3311
2405070706;-7,3231
2405090908;-7,2864
2405111110;-7,2797
2405131312;-7,2762
2405151514;-7,2317
2405171716;-7,2485
2405191918;-7,2419
2405212120;-7,1876
2405232322;-7,1732
2405252524;-7,1886
2405272726;-7,1674
2405292928;-7,1568
2405313130;-7,1378
2405333332;-7,1245
2405353534;-7,0999
2405373736;-7,0904
2405393938;-7,0636
2405414140;-7,0438
2405434342;-7,0319
2405454544;-7,0468
2405474746;-7,0319
2405494948;-6,9995
2405515150;-6,9930
2405535352;-7,0085
2405555554;-6,9560
2405575756;-6,9784
2405595958;-6,9644
2405616160;-6,9242
2405636362;-6,9135
2405656564;-6,8964
2405676766;-6,9100
2405696968;-6,9101
2405717170;-6,8868
2405737372;-6,8676
2405757574;-6,8868
2405777776;-6,8680
2405797978;-6,8476
2405818180;-6,8613
2405838382;-6,8206
2405858584;-6,8296
2405878786;-6,7961
2405898988;-6,8011
2405919190;-6,8173
2405939392;-6,8129
2405959594;-6,8105
2405979796;-6,7700
2405999998;-6,8021
