TSASCAN;01-06-2023;21:45:34;0;2404;2406;55,00;5,00;100;Logmag;dB;0;0
2404000000;-15,5225
2404020202;-15,5661
2404040404;-15,6491
2404060606;-15,6993
2404080808;-15,7528
2404101010;-15,7826
2404121212;-15,8342
2404141414;-15,8965
2404161616;-15,9854
2404181818;-15,9244
2404202020;-15,9831
2404222222;-16,0867
2404242424;-16,0564
2404262626;-16,1662
2404282828;-16,2018
2404303030;-16,2649
2404323232;-16,1958
2404343434;-16,2217
2404363636;-16,3103
2404383838;-16,3081
2404404040;-16,3887
2404424242;-16,4511
2404444444;-16,4681
2404464646;-16,4427
2404484848;-16,4910
2404505050;-16,5015
2404525252;-16,5007
2404545454;-16,5154
2404565656;-16,5505
2404585858;-16,5918
2404606060;-16,5860
2404626262;-16,5517
2404646464;-16,5945
2404666666;-16,6447
2404686868;-16,6748
2404707070;-16,6918
2404727272;-16,7014
2404747474;-16,6679
2404767676;-16,6623
2404787878;-16,7252
2404808080;-16,7139
2404828282;-16,6676
2404848484;-16,6627
2404868686;-16,7667
2404888888;-16,6788
2404909090;-16,7274
2404929292;-16,7319
2404949494;-16,6699
2404969696;-16,7809
2404989898;-16,7627
2405010100;-16,6724
2405030302;-16,7197
2405050504;-16,7450
2405070706;-16,7584
2405090908;-16,6308
2405111110;-16,7286
2405131312;-16,6840
2405151514;-16,6960
2405171716;-16,6309
2405191918;-16,6398
2405212120;-16,7155
2405232322;-16,6312
2405252524;-16,5811
2405272726;-16,6830
2405292928;-16,6722
2405313130;-16,6017
2405333332;-16,5121
2405353534;-16,6199
2405373736;-16,6150
2405393938;-16,6165
2405414140;-16,5263
2405434342;-16,5552
2405454544;-16,5926
2405474746;-16,4668
2405494948;-16,4721
2405515150;-16,4500
2405535352;-16,4592
2405555554;-16,4491
2405575756;-16,4203
2405595958;-16,4005
2405616160;-16,4428
2405636362;-16,4022
2405656564;-16,4333
2405676766;-16,4247
2405696968;-16,4045
2405717170;-16,2925
2405737372;-16,3393
2405757574;-16,3264
2405777776;-16,3110
2405797978;-16,2748
2405818180;-16,3398
2405838382;-16,2608
2405858584;-16,2384
2405878786;-16,2342
2405898988;-16,2403
2405919190;-16,2501
2405939392;-16,2579
2405959594;-16,1265
2405979796;-16,1785
2405999998;-16,2440
