TSASCAN;01-06-2023;22:19:49;0;2404;2406;55,00;5,00;100;Logmag;dB;0;0
2404000000;-9,0640
2404020202;-9,0777
2404040404;-9,0821
2404060606;-9,1291
2404080808;-9,1550
2404101010;-9,2499
2404121212;-9,2485
2404141414;-9,2978
2404161616;-9,3726
2404181818;-9,3744
2404202020;-9,4273
2404222222;-9,4468
2404242424;-9,4827
2404262626;-9,5239
2404282828;-9,6153
2404303030;-9,6164
2404323232;-9,6762
2404343434;-9,7405
2404363636;-9,7990
2404383838;-9,8062
2404404040;-9,8732
2404424242;-9,8873
2404444444;-9,9492
2404464646;-9,9482
2404484848;-10,0282
2404505050;-10,0614
2404525252;-10,0849
2404545454;-10,0900
2404565656;-10,1190
2404585858;-10,1561
2404606060;-10,1856
2404626262;-10,2426
2404646464;-10,2499
2404666666;-10,2865
2404686868;-10,3341
2404707070;-10,3822
2404727272;-10,4053
2404747474;-10,4521
2404767676;-10,4912
2404787878;-10,5610
2404808080;-10,6421
2404828282;-10,6208
2404848484;-10,6894
2404868686;-10,7774
2404888888;-10,7657
2404909090;-10,8002
2404929292;-10,9067
2404949494;-10,9427
2404969696;-10,9583
2404989898;-11,0250
2405010100;-11,0217
2405030302;-11,1032
2405050504;-11,1001
2405070706;-11,1461
2405090908;-11,2130
2405111110;-11,2060
2405131312;-11,2542
2405151514;-11,3316
2405171716;-11,3692
2405191918;-11,4412
2405212120;-11,4730
2405232322;-11,4807
2405252524;-11,5559
2405272726;-11,5636
2405292928;-11,6431
2405313130;-11,6818
2405333332;-11,7061
2405353534;-11,7075
2405373736;-11,7613
2405393938;-11,8484
2405414140;-11,8948
2405434342;-11,9000
2405454544;-11,9641
2405474746;-12,0251
2405494948;-12,0149
2405515150;-12,0508
2405535352;-12,1251
2405555554;-12,1670
2405575756;-12,1963
2405595958;-12,2746
2405616160;-12,2637
2405636362;-12,3161
2405656564;-12,3799
2405676766;-12,4254
2405696968;-12,4625
2405717170;-12,5537
2405737372;-12,5566
2405757574;-12,5843
2405777776;-12,6420
2405797978;-12,7056
2405818180;-12,7717
2405838382;-12,8111
2405858584;-12,8128
2405878786;-12,8479
2405898988;-12,8773
2405919190;-12,9520
2405939392;-13,0157
2405959594;-13,0244
2405979796;-13,1058
2405999998;-13,1197
