TSASCAN;01-06-2023;22:03:20;0;2404;2406;55,00;5,00;100;Logmag;dB;0;0
2404000000;-10,4939
2404020202;-10,4181
2404040404;-10,3711
2404060606;-10,3279
2404080808;-10,2329
2404101010;-10,2309
2404121212;-10,1556
2404141414;-10,0858
2404161616;-10,0241
2404181818;-10,0077
2404202020;-9,8994
2404222222;-9,8827
2404242424;-9,7927
2404262626;-9,7349
2404282828;-9,6930
2404303030;-9,6556
2404323232;-9,6204
2404343434;-9,5359
2404363636;-9,5048
2404383838;-9,4327
2404404040;-9,4173
2404424242;-9,3328
2404444444;-9,3124
2404464646;-9,2460
2404484848;-9,1874
2404505050;-9,1726
2404525252;-9,0942
2404545454;-9,0323
2404565656;-8,9994
2404585858;-8,9829
2404606060;-8,9308
2404626262;-8,9063
2404646464;-8,8451
2404666666;-8,7868
2404686868;-8,7387
2404707070;-8,7121
2404727272;-8,6546
2404747474;-8,5873
2404767676;-8,5698
2404787878;-8,5397
2404808080;-8,4699
2404828282;-8,4330
2404848484;-8,3982
2404868686;-8,3439
2404888888;-8,3145
2404909090;-8,2768
2404929292;-8,2426
2404949494;-8,1922
2404969696;-8,1605
2404989898;-8,1317
2405010100;-8,0890
2405030302;-8,0629
2405050504;-7,9906
2405070706;-7,9741
2405090908;-7,9379
2405111110;-7,9114
2405131312;-7,8640
2405151514;-7,8197
2405171716;-7,7795
2405191918;-7,7472
2405212120;-7,7158
2405232322;-7,6766
2405252524;-7,6556
2405272726;-7,5977
2405292928;-7,5796
2405313130;-7,5123
2405333332;-7,5296
2405353534;-7,4724
2405373736;-7,4514
2405393938;-7,3952
2405414140;-7,3867
2405434342;-7,3207
2405454544;-7,3201
2405474746;-7,2658
2405494948;-7,2433
2405515150;-7,2448
2405535352;-7,1805
2405555554;-7,1909
2405575756;-7,1326
2405595958;-7,0810
2405616160;-7,0781
2405636362;-7,0441
2405656564;-7,0354
2405676766;-6,9910
2405696968;-6,9369
2405717170;-6,9299
2405737372;-6,9086
2405757574;-6,8679
2405777776;-6,8414
2405797978;-6,8314
2405818180;-6,8215
2405838382;-6,7633
2405858584;-6,7403
2405878786;-6,7189
2405898988;-6,6878
2405919190;-6,6845
2405939392;-6,6363
2405959594;-6,6304
2405979796;-6,6116
2405999998;-6,5731
