TSASCAN;01-06-2023;22:27:35;0;2404;2406;55,00;5,00;100;Logmag;dB;0;0
2404000000;-14,2941
2404020202;-14,2575
2404040404;-14,2480
2404060606;-14,0811
2404080808;-14,0864
2404101010;-14,0504
2404121212;-13,9940
2404141414;-13,9214
2404161616;-13,8212
2404181818;-13,7197
2404202020;-13,6693
2404222222;-13,6916
2404242424;-13,5691
2404262626;-13,4858
2404282828;-13,4741
2404303030;-13,4167
2404323232;-13,3306
2404343434;-13,2559
2404363636;-13,1880
2404383838;-13,1442
2404404040;-13,1060
2404424242;-13,0472
2404444444;-13,0171
2404464646;-12,8965
2404484848;-12,9097
2404505050;-12,7724
2404525252;-12,7872
2404545454;-12,6988
2404565656;-12,6121
2404585858;-12,5516
2404606060;-12,4780
2404626262;-12,4537
2404646464;-12,4588
2404666666;-12,3834
2404686868;-12,2943
2404707070;-12,2230
2404727272;-12,1978
2404747474;-12,1418
2404767676;-12,0873
2404787878;-12,0614
2404808080;-12,0263
2404828282;-11,9843
2404848484;-11,8904
2404868686;-11,8685
2404888888;-11,8465
2404909090;-11,8023
2404929292;-11,7120
2404949494;-11,7052
2404969696;-11,6244
2404989898;-11,5771
2405010100;-11,5749
2405030302;-11,4816
2405050504;-11,4713
2405070706;-11,4064
2405090908;-11,3235
2405111110;-11,3083
2405131312;-11,2806
2405151514;-11,2021
2405171716;-11,1427
2405191918;-11,1448
2405212120;-11,1083
2405232322;-11,0676
2405252524;-10,9874
2405272726;-10,9764
2405292928;-10,9360
2405313130;-10,8720
2405333332;-10,8830
2405353534;-10,8311
2405373736;-10,8238
2405393938;-10,7989
2405414140;-10,7103
2405434342;-10,6985
2405454544;-10,6711
2405474746;-10,6418
2405494948;-10,6115
2405515150;-10,5494
2405535352;-10,5440
2405555554;-10,4870
2405575756;-10,4329
2405595958;-10,4120
2405616160;-10,3521
2405636362;-10,3263
2405656564;-10,2819
2405676766;-10,2331
2405696968;-10,2469
2405717170;-10,2123
2405737372;-10,1955
2405757574;-10,1634
2405777776;-10,1808
2405797978;-10,1127
2405818180;-10,1187
2405838382;-10,0770
2405858584;-10,0238
2405878786;-10,0149
2405898988;-9,9481
2405919190;-9,9475
2405939392;-9,8809
2405959594;-9,8209
2405979796;-9,8012
2405999998;-9,7457
