TSASCAN;01-06-2023;21:45:58;0;2404;2406;55,00;5,00;100;Logmag;dB;0;0
2404000000;-4,1934
2404020202;-4,1498
2404040404;-4,1242
2404060606;-4,1092
2404080808;-4,0807
2404101010;-4,0477
2404121212;-4,0156
2404141414;-3,9813
2404161616;-3,9734
2404181818;-3,9499
2404202020;-3,9022
2404222222;-3,8743
2404242424;-3,8429
2404262626;-3,8102
2404282828;-3,7819
2404303030;-3,7568
2404323232;-3,7259
2404343434;-3,7142
2404363636;-3,6878
2404383838;-3,6507
2404404040;-3,6343
2404424242;-3,6054
2404444444;-3,5864
2404464646;-3,5583
2404484848;-3,5454
2404505050;-3,5403
2404525252;-3,5043
2404545454;-3,4900
2404565656;-3,4532
2404585858;-3,4250
2404606060;-3,3967
2404626262;-3,3832
2404646464;-3,3544
2404666666;-3,3463
2404686868;-3,3031
2404707070;-3,2830
2404727272;-3,2550
2404747474;-3,2547
2404767676;-3,2114
2404787878;-3,2227
2404808080;-3,1895
2404828282;-3,1668
2404848484;-3,1599
2404868686;-3,1289
2404888888;-3,1325
2404909090;-3,0937
2404929292;-3,1000
2404949494;-3,0492
2404969696;-3,0352
2404989898;-3,0245
2405010100;-2,9907
2405030302;-2,9852
2405050504;-2,9531
2405070706;-2,9313
2405090908;-2,9267
2405111110;-2,8890
2405131312;-2,8716
2405151514;-2,8487
2405171716;-2,8382
2405191918;-2,8135
2405212120;-2,8138
2405232322;-2,8063
2405252524;-2,7744
2405272726;-2,7734
2405292928;-2,7418
2405313130;-2,7345
2405333332;-2,7288
2405353534;-2,7050
2405373736;-2,6963
2405393938;-2,6774
2405414140;-2,6588
2405434342;-2,6555
2405454544;-2,6356
2405474746;-2,6211
2405494948;-2,6125
2405515150;-2,5960
2405535352;-2,5641
2405555554;-2,5636
2405575756;-2,5461
2405595958;-2,5358
2405616160;-2,5174
2405636362;-2,4914
2405656564;-2,4903
2405676766;-2,4596
2405696968;-2,4427
2405717170;-2,4438
2405737372;-2,4158
2405757574;-2,4118
2405777776;-2,3990
2405797978;-2,3915
2405818180;-2,3884
2405838382;-2,3742
2405858584;-2,3644
2405878786;-2,3646
2405898988;-2,3526
2405919190;-2,3491
2405939392;-2,3275
2405959594;-2,3261
2405979796;-2,3057
2405999998;-2,2917
