TSASCAN;01-06-2023;22:20:11;0;2404;2406;55,00;5,00;100;Logmag;dB;0;0
2404000000;-4,7448
2404020202;-4,7289
2404040404;-4,6863
2404060606;-4,6430
2404080808;-4,6292
2404101010;-4,5854
2404121212;-4,5848
2404141414;-4,5378
2404161616;-4,5204
2404181818;-4,4988
2404202020;-4,4547
2404222222;-4,4141
2404242424;-4,3908
2404262626;-4,3644
2404282828;-4,3245
2404303030;-4,3098
2404323232;-4,2581
2404343434;-4,2265
2404363636;-4,1981
2404383838;-4,1694
2404404040;-4,1319
2404424242;-4,0856
2404444444;-4,0758
2404464646;-4,0432
2404484848;-4,0040
2404505050;-3,9730
2404525252;-3,9441
2404545454;-3,9084
2404565656;-3,9045
2404585858;-3,8795
2404606060;-3,8497
2404626262;-3,8211
2404646464;-3,7861
2404666666;-3,7744
2404686868;-3,7511
2404707070;-3,7439
2404727272;-3,6970
2404747474;-3,6834
2404767676;-3,6366
2404787878;-3,6140
2404808080;-3,5830
2404828282;-3,5783
2404848484;-3,5322
2404868686;-3,5176
2404888888;-3,4904
2404909090;-3,4492
2404929292;-3,4317
2404949494;-3,3971
2404969696;-3,3812
2404989898;-3,3499
2405010100;-3,3324
2405030302;-3,3137
2405050504;-3,2791
2405070706;-3,2566
2405090908;-3,2636
2405111110;-3,2297
2405131312;-3,2237
2405151514;-3,1773
2405171716;-3,1638
2405191918;-3,1590
2405212120;-3,1201
2405232322;-3,1111
2405252524;-3,0944
2405272726;-3,0566
2405292928;-3,0572
2405313130;-3,0150
2405333332;-2,9929
2405353534;-2,9695
2405373736;-2,9491
2405393938;-2,9268
2405414140;-2,9127
2405434342;-2,8909
2405454544;-2,8668
2405474746;-2,8459
2405494948;-2,8241
2405515150;-2,7976
2405535352;-2,8001
2405555554;-2,7683
2405575756;-2,7535
2405595958;-2,7473
2405616160;-2,7434
2405636362;-2,7081
2405656564;-2,7015
2405676766;-2,6871
2405696968;-2,6539
2405717170;-2,6426
2405737372;-2,6323
2405757574;-2,6283
2405777776;-2,5920
2405797978;-2,5701
2405818180;-2,5610
2405838382;-2,5385
2405858584;-2,5209
2405878786;-2,5088
2405898988;-2,4903
2405919190;-2,4617
2405939392;-2,4486
2405959594;-2,4300
2405979796;-2,4208
2405999998;-2,3968
