TSASCAN;01-06-2023;21:43:47;0;2404;2406;55,00;5,00;100;Logmag;dB;0;0
2404000000;-7,4688
2404020202;-7,4735
2404040404;-7,4563
2404060606;-7,5172
2404080808;-7,5257
2404101010;-7,5352
2404121212;-7,5677
2404141414;-7,5763
2404161616;-7,6097
2404181818;-7,5840
2404202020;-7,6306
2404222222;-7,6519
2404242424;-7,6694
2404262626;-7,6903
2404282828;-7,7207
2404303030;-7,7121
2404323232;-7,7663
2404343434;-7,7457
2404363636;-7,7518
2404383838;-7,7957
2404404040;-7,8180
2404424242;-7,8201
2404444444;-7,8416
2404464646;-7,8489
2404484848;-7,8944
2404505050;-7,8989
2404525252;-7,9065
2404545454;-7,9613
2404565656;-7,9485
2404585858;-7,9646
2404606060;-8,0304
2404626262;-8,0071
2404646464;-8,0601
2404666666;-8,0786
2404686868;-8,1092
2404707070;-8,0759
2404727272;-8,1418
2404747474;-8,1419
2404767676;-8,1744
2404787878;-8,2049
2404808080;-8,2134
2404828282;-8,2358
2404848484;-8,2628
2404868686;-8,2646
2404888888;-8,2961
2404909090;-8,3053
2404929292;-8,3183
2404949494;-8,3285
2404969696;-8,3691
2404989898;-8,3658
2405010100;-8,4392
2405030302;-8,4525
2405050504;-8,4731
2405070706;-8,4836
2405090908;-8,5063
2405111110;-8,5566
2405131312;-8,5903
2405151514;-8,6076
2405171716;-8,6338
2405191918;-8,6289
2405212120;-8,7053
2405232322;-8,6870
2405252524;-8,7563
2405272726;-8,7254
2405292928;-8,7666
2405313130;-8,8165
2405333332;-8,8326
2405353534;-8,8302
2405373736;-8,8990
2405393938;-8,8763
2405414140;-8,9307
2405434342;-8,9286
2405454544;-8,9763
2405474746;-9,0364
2405494948;-9,0584
2405515150;-9,1032
2405535352;-9,0792
2405555554;-9,1463
2405575756;-9,1584
2405595958;-9,1929
2405616160;-9,2425
2405636362;-9,2675
2405656564;-9,2880
2405676766;-9,3235
2405696968;-9,3294
2405717170;-9,3345
2405737372;-9,3981
2405757574;-9,4192
2405777776;-9,4728
2405797978;-9,4766
2405818180;-9,5134
2405838382;-9,5265
2405858584;-9,5716
2405878786;-9,5658
2405898988;-9,5921
2405919190;-9,6901
2405939392;-9,6681
2405959594;-9,7369
2405979796;-9,7684
2405999998;-9,7600
