TSASCAN;01-06-2023;22:02:42;0;2404;2406;55,00;5,00;100;Logmag;dB;0;0
2404000000;-5,5292
2404020202;-5,4990
2404040404;-5,4826
2404060606;-5,4522
2404080808;-5,3993
2404101010;-5,3671
2404121212;-5,3207
2404141414;-5,2924
2404161616;-5,2745
2404181818;-5,2303
2404202020;-5,1810
2404222222;-5,1705
2404242424;-5,1391
2404262626;-5,0957
2404282828;-5,0592
2404303030;-5,0307
2404323232;-5,0069
2404343434;-4,9660
2404363636;-4,9109
2404383838;-4,8881
2404404040;-4,8495
2404424242;-4,8299
2404444444;-4,8091
2404464646;-4,7740
2404484848;-4,7321
2404505050;-4,7149
2404525252;-4,6720
2404545454;-4,6577
2404565656;-4,6035
2404585858;-4,5916
2404606060;-4,5669
2404626262;-4,5311
2404646464;-4,4887
2404666666;-4,4553
2404686868;-4,4423
2404707070;-4,3946
2404727272;-4,3623
2404747474;-4,3401
2404767676;-4,3100
2404787878;-4,2754
2404808080;-4,2647
2404828282;-4,2427
2404848484;-4,1988
2404868686;-4,1737
2404888888;-4,1427
2404909090;-4,1310
2404929292;-4,1014
2404949494;-4,0670
2404969696;-4,0371
2404989898;-4,0097
2405010100;-3,9760
2405030302;-3,9579
2405050504;-3,9141
2405070706;-3,8975
2405090908;-3,8816
2405111110;-3,8330
2405131312;-3,8228
2405151514;-3,8022
2405171716;-3,7606
2405191918;-3,7504
2405212120;-3,7267
2405232322;-3,6836
2405252524;-3,6567
2405272726;-3,6564
2405292928;-3,6236
2405313130;-3,6074
2405333332;-3,5653
2405353534;-3,5380
2405373736;-3,5186
2405393938;-3,4951
2405414140;-3,4561
2405434342;-3,4562
2405454544;-3,4239
2405474746;-3,4068
2405494948;-3,3665
2405515150;-3,3771
2405535352;-3,3393
2405555554;-3,3140
2405575756;-3,2943
2405595958;-3,2769
2405616160;-3,2560
2405636362;-3,2341
2405656564;-3,1949
2405676766;-3,1756
2405696968;-3,1765
2405717170;-3,1477
2405737372;-3,1187
2405757574;-3,0929
2405777776;-3,0719
2405797978;-3,0581
2405818180;-3,0326
2405838382;-3,0146
2405858584;-2,9942
2405878786;-2,9906
2405898988;-2,9555
2405919190;-2,9397
2405939392;-2,9067
2405959594;-2,8842
2405979796;-2,8820
2405999998;-2,8451
