TSASCAN;01-06-2023;22:27:09;0;2404;2406;55,00;5,00;100;Logmag;dB;0;0
2404000000;-3,8392
2404020202;-3,8728
2404040404;-3,8879
2404060606;-3,8958
2404080808;-3,9193
2404101010;-3,9539
2404121212;-3,9486
2404141414;-3,9821
2404161616;-3,9995
2404181818;-4,0185
2404202020;-4,0349
2404222222;-4,0767
2404242424;-4,0956
2404262626;-4,0953
2404282828;-4,1125
2404303030;-4,1327
2404323232;-4,1494
2404343434;-4,1770
2404363636;-4,1851
2404383838;-4,1887
2404404040;-4,2262
2404424242;-4,2295
2404444444;-4,2551
2404464646;-4,2905
2404484848;-4,3051
2404505050;-4,3213
2404525252;-4,3407
2404545454;-4,3825
2404565656;-4,3940
2404585858;-4,4176
2404606060;-4,4284
2404626262;-4,4460
2404646464;-4,4746
2404666666;-4,4946
2404686868;-4,5117
2404707070;-4,5217
2404727272;-4,5585
2404747474;-4,5773
2404767676;-4,5888
2404787878;-4,6134
2404808080;-4,6404
2404828282;-4,6544
2404848484;-4,6926
2404868686;-4,6959
2404888888;-4,7025
2404909090;-4,7492
2404929292;-4,7629
2404949494;-4,7922
2404969696;-4,7973
2404989898;-4,8291
2405010100;-4,8503
2405030302;-4,8631
2405050504;-4,8833
2405070706;-4,9244
2405090908;-4,9664
2405111110;-4,9791
2405131312;-5,0152
2405151514;-5,0158
2405171716;-5,0348
2405191918;-5,0652
2405212120;-5,0997
2405232322;-5,1100
2405252524;-5,1534
2405272726;-5,1672
2405292928;-5,1700
2405313130;-5,1906
2405333332;-5,2313
2405353534;-5,2677
2405373736;-5,3032
2405393938;-5,3126
2405414140;-5,3248
2405434342;-5,3495
2405454544;-5,3668
2405474746;-5,3937
2405494948;-5,4469
2405515150;-5,4633
2405535352;-5,4865
2405555554;-5,5020
2405575756;-5,5285
2405595958;-5,5561
2405616160;-5,5647
2405636362;-5,6153
2405656564;-5,6210
2405676766;-5,6442
2405696968;-5,6874
2405717170;-5,7234
2405737372;-5,7290
2405757574;-5,7751
2405777776;-5,7869
2405797978;-5,8020
2405818180;-5,8438
2405838382;-5,9027
2405858584;-5,8850
2405878786;-5,9338
2405898988;-5,9658
2405919190;-6,0009
2405939392;-6,0115
2405959594;-6,0460
2405979796;-6,0676
2405999998;-6,0709
