TSASCAN;01-06-2023;21:49:21;0;2404;2406;55,00;5,00;100;Logmag;dB;0;0
2404000000;-1,4392
2404020202;-1,4579
2404040404;-1,4706
2404060606;-1,4617
2404080808;-1,4711
2404101010;-1,4982
2404121212;-1,4928
2404141414;-1,4967
2404161616;-1,5139
2404181818;-1,5207
2404202020;-1,5471
2404222222;-1,5546
2404242424;-1,5647
2404262626;-1,5766
2404282828;-1,5711
2404303030;-1,5920
2404323232;-1,6085
2404343434;-1,6200
2404363636;-1,6146
2404383838;-1,6400
2404404040;-1,6470
2404424242;-1,6504
2404444444;-1,6708
2404464646;-1,6865
2404484848;-1,7004
2404505050;-1,7021
2404525252;-1,7038
2404545454;-1,7225
2404565656;-1,7202
2404585858;-1,7488
2404606060;-1,7649
2404626262;-1,7555
2404646464;-1,7711
2404666666;-1,7827
2404686868;-1,7997
2404707070;-1,8213
2404727272;-1,8132
2404747474;-1,8347
2404767676;-1,8452
2404787878;-1,8700
2404808080;-1,8856
2404828282;-1,8838
2404848484;-1,8944
2404868686;-1,9201
2404888888;-1,9143
2404909090;-1,9391
2404929292;-1,9510
2404949494;-1,9740
2404969696;-1,9774
2404989898;-1,9831
2405010100;-2,0168
2405030302;-2,0214
2405050504;-2,0356
2405070706;-2,0560
2405090908;-2,0553
2405111110;-2,0798
2405131312;-2,0723
2405151514;-2,0955
2405171716;-2,1052
2405191918;-2,1329
2405212120;-2,1497
2405232322;-2,1693
2405252524;-2,1744
2405272726;-2,1932
2405292928;-2,2077
2405313130;-2,2072
2405333332;-2,2422
2405353534;-2,2359
2405373736;-2,2493
2405393938;-2,2777
2405414140;-2,2979
2405434342;-2,3100
2405454544;-2,3245
2405474746;-2,3492
2405494948;-2,3351
2405515150;-2,3680
2405535352;-2,3683
2405555554;-2,3865
2405575756;-2,4139
2405595958;-2,4225
2405616160;-2,4575
2405636362;-2,4559
2405656564;-2,4822
2405676766;-2,5116
2405696968;-2,5053
2405717170;-2,5217
2405737372;-2,5303
2405757574;-2,5531
2405777776;-2,5761
2405797978;-2,6078
2405818180;-2,6036
2405838382;-2,6221
2405858584;-2,6518
2405878786;-2,6619
2405898988;-2,6710
2405919190;-2,6954
2405939392;-2,7099
2405959594;-2,7413
2405979796;-2,7370
2405999998;-2,7708
