TSASCAN;01-06-2023;22:20:43;0;2404;2406;55,00;5,00;100;Logmag;dB;0;0
2404000000;-0,2373
2404020202;-0,2241
2404040404;-0,2427
2404060606;-0,2342
2404080808;-0,2330
2404101010;-0,2501
2404121212;-0,2581
2404141414;-0,2523
2404161616;-0,2520
2404181818;-0,2617
2404202020;-0,2492
2404222222;-0,2708
2404242424;-0,2662
2404262626;-0,2762
2404282828;-0,2846
2404303030;-0,2804
2404323232;-0,2880
2404343434;-0,2848
2404363636;-0,3015
2404383838;-0,2933
2404404040;-0,3007
2404424242;-0,3018
2404444444;-0,3097
2404464646;-0,3250
2404484848;-0,3215
2404505050;-0,3305
2404525252;-0,3255
2404545454;-0,3423
2404565656;-0,3326
2404585858;-0,3470
2404606060;-0,3519
2404626262;-0,3554
2404646464;-0,3570
2404666666;-0,3597
2404686868;-0,3768
2404707070;-0,3648
2404727272;-0,3838
2404747474;-0,3882
2404767676;-0,3910
2404787878;-0,4044
2404808080;-0,4044
2404828282;-0,4138
2404848484;-0,4134
2404868686;-0,4216
2404888888;-0,4327
2404909090;-0,4287
2404929292;-0,4518
2404949494;-0,4427
2404969696;-0,4576
2404989898;-0,4578
2405010100;-0,4661
2405030302;-0,4835
2405050504;-0,4928
2405070706;-0,4927
2405090908;-0,5061
2405111110;-0,5003
2405131312;-0,5054
2405151514;-0,5206
2405171716;-0,5161
2405191918;-0,5246
2405212120;-0,5434
2405232322;-0,5630
2405252524;-0,5582
2405272726;-0,5650
2405292928;-0,5689
2405313130;-0,5868
2405333332;-0,5968
2405353534;-0,5942
2405373736;-0,6030
2405393938;-0,6153
2405414140;-0,6251
2405434342;-0,6236
2405454544;-0,6350
2405474746;-0,6455
2405494948;-0,6541
2405515150;-0,6652
2405535352;-0,6711
2405555554;-0,6873
2405575756;-0,7045
2405595958;-0,7012
2405616160;-0,7034
2405636362;-0,7157
2405656564;-0,7349
2405676766;-0,7441
2405696968;-0,7447
2405717170;-0,7714
2405737372;-0,7694
2405757574;-0,7732
2405777776;-0,7839
2405797978;-0,8008
2405818180;-0,8010
2405838382;-0,8170
2405858584;-0,8303
2405878786;-0,8397
2405898988;-0,8507
2405919190;-0,8566
2405939392;-0,8795
2405959594;-0,8870
2405979796;-0,9099
2405999998;-0,9015
