TSASCAN;01-06-2023;21:52:27;0;2404;2406;55,00;5,00;100;Logmag;dB;0;0
2404000000;-4,1154
2404020202;-4,1169
2404040404;-4,1141
2404060606;-4,1185
2404080808;-4,0954
2404101010;-4,1083
2404121212;-4,1133
2404141414;-4,0784
2404161616;-4,0745
2404181818;-4,0781
2404202020;-4,0820
2404222222;-4,0879
2404242424;-4,0677
2404262626;-4,0721
2404282828;-4,0678
2404303030;-4,0826
2404323232;-4,0650
2404343434;-4,0525
2404363636;-4,0527
2404383838;-4,0639
2404404040;-4,0428
2404424242;-4,0552
2404444444;-4,0400
2404464646;-4,0382
2404484848;-4,0337
2404505050;-4,0376
2404525252;-4,0267
2404545454;-4,0453
2404565656;-4,0220
2404585858;-4,0137
2404606060;-4,0252
2404626262;-4,0397
2404646464;-4,0093
2404666666;-4,0232
2404686868;-4,0134
2404707070;-4,0057
2404727272;-4,0144
2404747474;-4,0161
2404767676;-4,0055
2404787878;-4,0092
2404808080;-4,0033
2404828282;-4,0112
2404848484;-4,0217
2404868686;-4,0065
2404888888;-4,0099
2404909090;-3,9990
2404929292;-3,9977
2404949494;-4,0037
2404969696;-4,0043
2404989898;-3,9947
2405010100;-3,9968
2405030302;-4,0175
2405050504;-3,9964
2405070706;-4,0032
2405090908;-4,0166
2405111110;-3,9892
2405131312;-3,9955
2405151514;-4,0065
2405171716;-4,0135
2405191918;-4,0201
2405212120;-4,0037
2405232322;-4,0008
2405252524;-3,9883
2405272726;-4,0173
2405292928;-4,0241
2405313130;-3,9953
2405333332;-4,0077
2405353534;-4,0058
2405373736;-4,0259
2405393938;-4,0131
2405414140;-4,0083
2405434342;-4,0112
2405454544;-4,0255
2405474746;-4,0138
2405494948;-4,0205
2405515150;-4,0288
2405535352;-4,0121
2405555554;-4,0307
2405575756;-4,0245
2405595958;-4,0389
2405616160;-4,0503
2405636362;-4,0542
2405656564;-4,0565
2405676766;-4,0550
2405696968;-4,0471
2405717170;-4,0576
2405737372;-4,0688
2405757574;-4,0725
2405777776;-4,0567
2405797978;-4,0599
2405818180;-4,0521
2405838382;-4,0712
2405858584;-4,0806
2405878786;-4,0701
2405898988;-4,0932
2405919190;-4,0853
2405939392;-4,1005
2405959594;-4,0965
2405979796;-4,1046
2405999998;-4,0985
