TSASCAN;01-06-2023;22:26:45;0;2404;2406;55,00;5,00;100;Logmag;dB;0;0
2404000000;-10,3742
2404020202;-10,4259
2404040404;-10,4747
2404060606;-10,4733
2404080808;-10,5222
2404101010;-10,5560
2404121212;-10,6088
2404141414;-10,6404
2404161616;-10,6490
2404181818;-10,7572
2404202020;-10,7953
2404222222;-10,7812
2404242424;-10,8117
2404262626;-10,8782
2404282828;-10,8891
2404303030;-10,9026
2404323232;-10,9502
2404343434;-10,9664
2404363636;-11,0016
2404383838;-11,0086
2404404040;-11,0535
2404424242;-11,0946
2404444444;-11,1216
2404464646;-11,1724
2404484848;-11,2004
2404505050;-11,2227
2404525252;-11,2561
2404545454;-11,2873
2404565656;-11,3223
2404585858;-11,3854
2404606060;-11,4469
2404626262;-11,4560
2404646464;-11,4818
2404666666;-11,4937
2404686868;-11,6061
2404707070;-11,6235
2404727272;-11,6379
2404747474;-11,6989
2404767676;-11,7533
2404787878;-11,7457
2404808080;-11,7785
2404828282;-11,8167
2404848484;-11,8615
2404868686;-11,9457
2404888888;-11,9696
2404909090;-11,9703
2404929292;-11,9759
2404949494;-12,0716
2404969696;-12,0926
2404989898;-12,1354
2405010100;-12,2225
2405030302;-12,2718
2405050504;-12,2820
2405070706;-12,3145
2405090908;-12,4032
2405111110;-12,3955
2405131312;-12,4095
2405151514;-12,4717
2405171716;-12,4385
2405191918;-12,5487
2405212120;-12,5887
2405232322;-12,6298
2405252524;-12,6854
2405272726;-12,7725
2405292928;-12,7892
2405313130;-12,8409
2405333332;-12,8786
2405353534;-12,9196
2405373736;-12,9824
2405393938;-13,0620
2405414140;-13,0654
2405434342;-13,0974
2405454544;-13,1696
2405474746;-13,1763
2405494948;-13,2742
2405515150;-13,3693
2405535352;-13,3866
2405555554;-13,4540
2405575756;-13,4819
2405595958;-13,5321
2405616160;-13,6130
2405636362;-13,5944
2405656564;-13,6290
2405676766;-13,6506
2405696968;-13,7898
2405717170;-13,7919
2405737372;-13,8219
2405757574;-13,8705
2405777776;-13,9243
2405797978;-13,9643
2405818180;-14,0052
2405838382;-14,0258
2405858584;-14,1239
2405878786;-14,1449
2405898988;-14,2216
2405919190;-14,2046
2405939392;-14,2355
2405959594;-14,3225
2405979796;-14,3468
2405999998;-14,3700
