TSASCAN;01-06-2023;21:51:08;0;2404;2406;55,00;5,00;100;Logmag;dB;0;0
2404000000;-7,0169
2404020202;-7,0117
2404040404;-7,0578
2404060606;-7,0603
2404080808;-7,0429
2404101010;-7,0856
2404121212;-7,0923
2404141414;-7,1290
2404161616;-7,1418
2404181818;-7,1592
2404202020;-7,1412
2404222222;-7,1994
2404242424;-7,1803
2404262626;-7,2093
2404282828;-7,2042
2404303030;-7,2294
2404323232;-7,2714
2404343434;-7,2934
2404363636;-7,2795
2404383838;-7,3258
2404404040;-7,3328
2404424242;-7,3529
2404444444;-7,3461
2404464646;-7,3610
2404484848;-7,3902
2404505050;-7,4036
2404525252;-7,4005
2404545454;-7,4363
2404565656;-7,4522
2404585858;-7,4578
2404606060;-7,4640
2404626262;-7,4953
2404646464;-7,5277
2404666666;-7,5227
2404686868;-7,5679
2404707070;-7,5518
2404727272;-7,6115
2404747474;-7,6148
2404767676;-7,6270
2404787878;-7,6218
2404808080;-7,6415
2404828282;-7,6978
2404848484;-7,6916
2404868686;-7,7093
2404888888;-7,7743
2404909090;-7,7610
2404929292;-7,7999
2404949494;-7,8134
2404969696;-7,8372
2404989898;-7,8438
2405010100;-7,8649
2405030302;-7,8980
2405050504;-7,8939
2405070706;-7,9448
2405090908;-7,9721
2405111110;-7,9791
2405131312;-7,9719
2405151514;-8,0231
2405171716;-8,0337
2405191918;-8,0454
2405212120;-8,0873
2405232322;-8,1285
2405252524;-8,1191
2405272726;-8,1503
2405292928;-8,1688
2405313130;-8,2258
2405333332;-8,2222
2405353534;-8,2349
2405373736;-8,3098
2405393938;-8,2935
2405414140;-8,3104
2405434342;-8,3885
2405454544;-8,4018
2405474746;-8,4208
2405494948;-8,4103
2405515150;-8,4690
2405535352;-8,5164
2405555554;-8,5118
2405575756;-8,5465
2405595958;-8,5507
2405616160;-8,5883
2405636362;-8,6376
2405656564;-8,6659
2405676766;-8,6859
2405696968;-8,7147
2405717170;-8,7443
2405737372;-8,7609
2405757574;-8,8179
2405777776;-8,8473
2405797978;-8,8597
2405818180;-8,8599
2405838382;-8,9371
2405858584;-8,9548
2405878786;-8,9905
2405898988;-9,0104
2405919190;-9,0358
2405939392;-9,0851
2405959594;-9,1066
2405979796;-9,1343
2405999998;-9,1991
