TSASCAN;01-06-2023;22:21:10;0;2404;2406;55,00;5,00;100;Logmag;dB;0;0
2404000000;-4,0041
2404020202;-3,9889
2404040404;-3,9564
2404060606;-3,9496
2404080808;-3,9106
2404101010;-3,8868
2404121212;-3,8665
2404141414;-3,8491
2404161616;-3,8367
2404181818;-3,8043
2404202020;-3,7851
2404222222;-3,7769
2404242424;-3,7527
2404262626;-3,7208
2404282828;-3,7081
2404303030;-3,6710
2404323232;-3,6770
2404343434;-3,6591
2404363636;-3,6174
2404383838;-3,6120
2404404040;-3,6042
2404424242;-3,5602
2404444444;-3,5430
2404464646;-3,5232
2404484848;-3,5229
2404505050;-3,4979
2404525252;-3,4799
2404545454;-3,4559
2404565656;-3,4553
2404585858;-3,4202
2404606060;-3,4167
2404626262;-3,3854
2404646464;-3,3539
2404666666;-3,3676
2404686868;-3,3317
2404707070;-3,3268
2404727272;-3,2989
2404747474;-3,3059
2404767676;-3,2701
2404787878;-3,2629
2404808080;-3,2373
2404828282;-3,2206
2404848484;-3,2207
2404868686;-3,2017
2404888888;-3,1852
2404909090;-3,1752
2404929292;-3,1468
2404949494;-3,1424
2404969696;-3,1426
2404989898;-3,1167
2405010100;-3,1287
2405030302;-3,0918
2405050504;-3,0834
2405070706;-3,0778
2405090908;-3,0570
2405111110;-3,0408
2405131312;-3,0267
2405151514;-3,0297
2405171716;-3,0056
2405191918;-2,9945
2405212120;-2,9790
2405232322;-2,9700
2405252524;-2,9599
2405272726;-2,9394
2405292928;-2,9379
2405313130;-2,9466
2405333332;-2,9219
2405353534;-2,9177
2405373736;-2,9039
2405393938;-2,8956
2405414140;-2,8777
2405434342;-2,8757
2405454544;-2,8576
2405474746;-2,8432
2405494948;-2,8457
2405515150;-2,8238
2405535352;-2,8371
2405555554;-2,8032
2405575756;-2,7932
2405595958;-2,7939
2405616160;-2,7897
2405636362;-2,7946
2405656564;-2,7740
2405676766;-2,7588
2405696968;-2,7508
2405717170;-2,7369
2405737372;-2,7407
2405757574;-2,7288
2405777776;-2,7346
2405797978;-2,7295
2405818180;-2,7041
2405838382;-2,7024
2405858584;-2,6889
2405878786;-2,7019
2405898988;-2,7045
2405919190;-2,6802
2405939392;-2,6993
2405959594;-2,6787
2405979796;-2,6841
2405999998;-2,6695
