TSASCAN;01-06-2023;21:53:03;0;2404;2406;55,00;5,00;100;Logmag;dB;0;0
2404000000;-11,4437
2404020202;-11,4416
2404040404;-11,3308
2404060606;-11,3255
2404080808;-11,2234
2404101010;-11,1766
2404121212;-11,1532
2404141414;-11,0507
2404161616;-10,9836
2404181818;-10,9358
2404202020;-10,8805
2404222222;-10,8522
2404242424;-10,8026
2404262626;-10,7468
2404282828;-10,7154
2404303030;-10,6576
2404323232;-10,5878
2404343434;-10,5444
2404363636;-10,4655
2404383838;-10,3931
2404404040;-10,3724
2404424242;-10,2982
2404444444;-10,3005
2404464646;-10,2237
2404484848;-10,1671
2404505050;-10,1414
2404525252;-10,0591
2404545454;-10,0239
2404565656;-10,0142
2404585858;-9,9339
2404606060;-9,8991
2404626262;-9,8842
2404646464;-9,7986
2404666666;-9,7462
2404686868;-9,7416
2404707070;-9,6845
2404727272;-9,6211
2404747474;-9,6103
2404767676;-9,5621
2404787878;-9,5369
2404808080;-9,4615
2404828282;-9,4549
2404848484;-9,3654
2404868686;-9,3537
2404888888;-9,2909
2404909090;-9,2348
2404929292;-9,1927
2404949494;-9,1667
2404969696;-9,1333
2404989898;-9,1020
2405010100;-9,0463
2405030302;-9,0118
2405050504;-8,9567
2405070706;-8,9598
2405090908;-8,9433
2405111110;-8,8593
2405131312;-8,8512
2405151514;-8,7998
2405171716;-8,7925
2405191918;-8,7198
2405212120;-8,7015
2405232322;-8,6602
2405252524;-8,6312
2405272726;-8,6334
2405292928;-8,5572
2405313130;-8,5639
2405333332;-8,4939
2405353534;-8,4712
2405373736;-8,4602
2405393938;-8,4349
2405414140;-8,3863
2405434342;-8,3246
2405454544;-8,3526
2405474746;-8,2791
2405494948;-8,2797
2405515150;-8,2239
2405535352;-8,2248
2405555554;-8,1909
2405575756;-8,1314
2405595958;-8,1136
2405616160;-8,0801
2405636362;-8,0640
2405656564;-8,0507
2405676766;-7,9908
2405696968;-7,9662
2405717170;-7,9655
2405737372;-7,9389
2405757574;-7,8931
2405777776;-7,9044
2405797978;-7,8523
2405818180;-7,8412
2405838382;-7,8054
2405858584;-7,8008
2405878786;-7,7712
2405898988;-7,7213
2405919190;-7,7262
2405939392;-7,6875
2405959594;-7,6884
2405979796;-7,6626
2405999998;-7,6401
