TSASCAN;01-06-2023;22:25:55;0;2404;2406;55,00;5,00;100;Logmag;dB;0;0
2404000000;-12,6364
2404020202;-12,6026
2404040404;-12,5894
2404060606;-12,5754
2404080808;-12,5851
2404101010;-12,6169
2404121212;-12,5273
2404141414;-12,5496
2404161616;-12,6072
2404181818;-12,5390
2404202020;-12,5395
2404222222;-12,5877
2404242424;-12,5618
2404262626;-12,5398
2404282828;-12,5222
2404303030;-12,4788
2404323232;-12,4953
2404343434;-12,5145
2404363636;-12,4650
2404383838;-12,4405
2404404040;-12,4666
2404424242;-12,4474
2404444444;-12,4125
2404464646;-12,4349
2404484848;-12,3974
2404505050;-12,4106
2404525252;-12,3851
2404545454;-12,3811
2404565656;-12,3818
2404585858;-12,3672
2404606060;-12,3526
2404626262;-12,3641
2404646464;-12,3347
2404666666;-12,3240
2404686868;-12,2677
2404707070;-12,2822
2404727272;-12,2856
2404747474;-12,2826
2404767676;-12,2446
2404787878;-12,2157
2404808080;-12,2281
2404828282;-12,1715
2404848484;-12,1604
2404868686;-12,1825
2404888888;-12,1341
2404909090;-12,2013
2404929292;-12,1325
2404949494;-12,0913
2404969696;-12,1154
2404989898;-12,0518
2405010100;-12,0871
2405030302;-12,0184
2405050504;-12,0820
2405070706;-11,9902
2405090908;-12,0241
2405111110;-12,0318
2405131312;-12,0021
2405151514;-11,9420
2405171716;-11,9650
2405191918;-11,9328
2405212120;-11,9542
2405232322;-11,9220
2405252524;-11,9080
2405272726;-11,9036
2405292928;-11,8914
2405313130;-11,8559
2405333332;-11,8352
2405353534;-11,7942
2405373736;-11,8160
2405393938;-11,8199
2405414140;-11,8136
2405434342;-11,7773
2405454544;-11,7604
2405474746;-11,7459
2405494948;-11,7264
2405515150;-11,7629
2405535352;-11,7248
2405555554;-11,6953
2405575756;-11,6888
2405595958;-11,6971
2405616160;-11,6083
2405636362;-11,6474
2405656564;-11,6467
2405676766;-11,5956
2405696968;-11,5526
2405717170;-11,6120
2405737372;-11,5486
2405757574;-11,5444
2405777776;-11,5688
2405797978;-11,5501
2405818180;-11,5120
2405838382;-11,5251
2405858584;-11,5011
2405878786;-11,4792
2405898988;-11,4489
2405919190;-11,4501
2405939392;-11,4693
2405959594;-11,4484
2405979796;-11,4291
2405999998;-11,3722
