TSASCAN;01-06-2023;22:18:34;0;2404;2406;55,00;5,00;100;Logmag;dB;0;0
2404000000;-5,6979
2404020202;-5,7090
2404040404;-5,7300
2404060606;-5,7306
2404080808;-5,7598
2404101010;-5,7833
2404121212;-5,8062
2404141414;-5,7911
2404161616;-5,8302
2404181818;-5,8260
2404202020;-5,8518
2404222222;-5,8704
2404242424;-5,8869
2404262626;-5,8918
2404282828;-5,9083
2404303030;-5,9429
2404323232;-5,9393
2404343434;-5,9572
2404363636;-5,9711
2404383838;-6,0059
2404404040;-6,0001
2404424242;-6,0208
2404444444;-6,0603
2404464646;-6,0656
2404484848;-6,0908
2404505050;-6,1184
2404525252;-6,1084
2404545454;-6,1388
2404565656;-6,1598
2404585858;-6,1902
2404606060;-6,1801
2404626262;-6,2054
2404646464;-6,2194
2404666666;-6,2528
2404686868;-6,2795
2404707070;-6,2774
2404727272;-6,2993
2404747474;-6,3422
2404767676;-6,3309
2404787878;-6,3446
2404808080;-6,3929
2404828282;-6,3791
2404848484;-6,4289
2404868686;-6,4462
2404888888;-6,4712
2404909090;-6,4896
2404929292;-6,4794
2404949494;-6,5088
2404969696;-6,5380
2404989898;-6,5768
2405010100;-6,5765
2405030302;-6,5950
2405050504;-6,6362
2405070706;-6,6470
2405090908;-6,6582
2405111110;-6,7164
2405131312;-6,7111
2405151514;-6,7416
2405171716;-6,7448
2405191918;-6,7938
2405212120;-6,8197
2405232322;-6,8457
2405252524;-6,8487
2405272726;-6,8783
2405292928;-6,8896
2405313130;-6,9261
2405333332;-6,9363
2405353534;-6,9782
2405373736;-6,9896
2405393938;-7,0409
2405414140;-7,0309
2405434342;-7,0651
2405454544;-7,0835
2405474746;-7,1533
2405494948;-7,1723
2405515150;-7,1627
2405535352;-7,2048
2405555554;-7,2276
2405575756;-7,2630
2405595958;-7,3164
2405616160;-7,3485
2405636362;-7,3681
2405656564;-7,3823
2405676766;-7,4094
2405696968;-7,4303
2405717170;-7,4808
2405737372;-7,4675
2405757574;-7,5110
2405777776;-7,5536
2405797978;-7,5626
2405818180;-7,6245
2405838382;-7,6530
2405858584;-7,6772
2405878786;-7,7101
2405898988;-7,7206
2405919190;-7,7571
2405939392;-7,7690
2405959594;-7,8208
2405979796;-7,8526
2405999998;-7,9043
