TSASCAN;01-06-2023;21:55:31;0;2404;2406;55,00;5,00;100;Logmag;dB;0;0
2404000000;-7,5528
2404020202;-7,5501
2404040404;-7,5468
2404060606;-7,5710
2404080808;-7,5580
2404101010;-7,5784
2404121212;-7,5978
2404141414;-7,5994
2404161616;-7,6215
2404181818;-7,6471
2404202020;-7,6124
2404222222;-7,6297
2404242424;-7,6698
2404262626;-7,6547
2404282828;-7,6837
2404303030;-7,7027
2404323232;-7,6854
2404343434;-7,7081
2404363636;-7,7003
2404383838;-7,6954
2404404040;-7,7174
2404424242;-7,7385
2404444444;-7,7320
2404464646;-7,7607
2404484848;-7,7615
2404505050;-7,7846
2404525252;-7,8045
2404545454;-7,7961
2404565656;-7,8141
2404585858;-7,8289
2404606060;-7,8388
2404626262;-7,8638
2404646464;-7,8561
2404666666;-7,8637
2404686868;-7,8789
2404707070;-7,9012
2404727272;-7,9245
2404747474;-7,9024
2404767676;-7,9458
2404787878;-7,9359
2404808080;-7,9710
2404828282;-7,9795
2404848484;-8,0012
2404868686;-7,9995
2404888888;-8,0270
2404909090;-8,0023
2404929292;-8,0196
2404949494;-8,0492
2404969696;-8,0687
2404989898;-8,0738
2405010100;-8,1045
2405030302;-8,0881
2405050504;-8,1021
2405070706;-8,1455
2405090908;-8,1591
2405111110;-8,1389
2405131312;-8,1682
2405151514;-8,2006
2405171716;-8,1753
2405191918;-8,2261
2405212120;-8,2343
2405232322;-8,2431
2405252524;-8,2806
2405272726;-8,2776
2405292928;-8,2855
2405313130;-8,3162
2405333332;-8,3423
2405353534;-8,3538
2405373736;-8,3652
2405393938;-8,3544
2405414140;-8,4024
2405434342;-8,4067
2405454544;-8,4429
2405474746;-8,4389
2405494948;-8,4406
2405515150;-8,4871
2405535352;-8,4871
2405555554;-8,5237
2405575756;-8,5255
2405595958;-8,5426
2405616160;-8,5336
2405636362;-8,5690
2405656564;-8,5660
2405676766;-8,6355
2405696968;-8,6276
2405717170;-8,6228
2405737372;-8,6669
2405757574;-8,6915
2405777776;-8,6978
2405797978;-8,6989
2405818180;-8,6950
2405838382;-8,7517
2405858584;-8,7860
2405878786;-8,7604
2405898988;-8,7883
2405919190;-8,8303
2405939392;-8,8179
2405959594;-8,8620
2405979796;-8,8597
2405999998;-8,9325
