TSASCAN;01-06-2023;22:21:37;0;2404;2406;55,00;5,00;100;Logmag;dB;0;0
2404000000;-4,5475
2404020202;-4,5282
2404040404;-4,5515
2404060606;-4,5441
2404080808;-4,5582
2404101010;-4,5532
2404121212;-4,5437
2404141414;-4,5420
2404161616;-4,5456
2404181818;-4,5411
2404202020;-4,5677
2404222222;-4,5592
2404242424;-4,5533
2404262626;-4,5524
2404282828;-4,5623
2404303030;-4,5671
2404323232;-4,5517
2404343434;-4,5683
2404363636;-4,5775
2404383838;-4,5753
2404404040;-4,5750
2404424242;-4,5612
2404444444;-4,5755
2404464646;-4,5771
2404484848;-4,5910
2404505050;-4,5722
2404525252;-4,5943
2404545454;-4,5961
2404565656;-4,5875
2404585858;-4,5981
2404606060;-4,6164
2404626262;-4,5960
2404646464;-4,5990
2404666666;-4,6056
2404686868;-4,6196
2404707070;-4,6143
2404727272;-4,6080
2404747474;-4,6353
2404767676;-4,6187
2404787878;-4,6491
2404808080;-4,6532
2404828282;-4,6442
2404848484;-4,6274
2404868686;-4,6500
2404888888;-4,6713
2404909090;-4,6856
2404929292;-4,6725
2404949494;-4,6887
2404969696;-4,6814
2404989898;-4,6849
2405010100;-4,6873
2405030302;-4,7110
2405050504;-4,6855
2405070706;-4,7169
2405090908;-4,7372
2405111110;-4,7030
2405131312;-4,7332
2405151514;-4,7516
2405171716;-4,7312
2405191918;-4,7381
2405212120;-4,7420
2405232322;-4,7696
2405252524;-4,7711
2405272726;-4,7668
2405292928;-4,7895
2405313130;-4,7855
2405333332;-4,7926
2405353534;-4,8271
2405373736;-4,8101
2405393938;-4,8368
2405414140;-4,8227
2405434342;-4,8303
2405454544;-4,8233
2405474746;-4,8523
2405494948;-4,8536
2405515150;-4,8591
2405535352;-4,8666
2405555554;-4,8754
2405575756;-4,8924
2405595958;-4,9043
2405616160;-4,8969
2405636362;-4,9310
2405656564;-4,9168
2405676766;-4,9356
2405696968;-4,9412
2405717170;-4,9688
2405737372;-4,9713
2405757574;-4,9896
2405777776;-4,9942
2405797978;-4,9931
2405818180;-5,0031
2405838382;-5,0246
2405858584;-5,0446
2405878786;-5,0422
2405898988;-5,0766
2405919190;-5,0721
2405939392;-5,0967
2405959594;-5,0900
2405979796;-5,0952
2405999998;-5,1260
