TSASCAN;01-06-2023;21:54:17;0;2404;2406;55,00;5,00;100;Logmag;dB;0;0
2404000000;-5,3348
2404020202;-5,3333
2404040404;-5,3169
2404060606;-5,2927
2404080808;-5,2594
2404101010;-5,2372
2404121212;-5,2078
2404141414;-5,1926
2404161616;-5,1800
2404181818;-5,1605
2404202020;-5,1531
2404222222;-5,1091
2404242424;-5,1114
2404262626;-5,0612
2404282828;-5,0564
2404303030;-5,0358
2404323232;-5,0283
2404343434;-4,9952
2404363636;-4,9750
2404383838;-4,9438
2404404040;-4,9542
2404424242;-4,9088
2404444444;-4,9106
2404464646;-4,8899
2404484848;-4,8795
2404505050;-4,8330
2404525252;-4,8351
2404545454;-4,7967
2404565656;-4,8078
2404585858;-4,7896
2404606060;-4,7806
2404626262;-4,7549
2404646464;-4,7153
2404666666;-4,7237
2404686868;-4,7026
2404707070;-4,6848
2404727272;-4,6722
2404747474;-4,6556
2404767676;-4,6290
2404787878;-4,6251
2404808080;-4,6246
2404828282;-4,5926
2404848484;-4,5919
2404868686;-4,5763
2404888888;-4,5663
2404909090;-4,5386
2404929292;-4,5209
2404949494;-4,5302
2404969696;-4,4994
2404989898;-4,4874
2405010100;-4,5020
2405030302;-4,4775
2405050504;-4,4486
2405070706;-4,4649
2405090908;-4,4448
2405111110;-4,4285
2405131312;-4,4110
2405151514;-4,3915
2405171716;-4,3885
2405191918;-4,3733
2405212120;-4,3807
2405232322;-4,3811
2405252524;-4,3528
2405272726;-4,3393
2405292928;-4,3427
2405313130;-4,3366
2405333332;-4,3083
2405353534;-4,2943
2405373736;-4,2940
2405393938;-4,2785
2405414140;-4,2726
2405434342;-4,2691
2405454544;-4,2628
2405474746;-4,2725
2405494948;-4,2418
2405515150;-4,2239
2405535352;-4,2330
2405555554;-4,2396
2405575756;-4,2159
2405595958;-4,2020
2405616160;-4,1934
2405636362;-4,1783
2405656564;-4,1832
2405676766;-4,1816
2405696968;-4,1774
2405717170;-4,1678
2405737372;-4,1749
2405757574;-4,1604
2405777776;-4,1478
2405797978;-4,1555
2405818180;-4,1313
2405838382;-4,1315
2405858584;-4,1304
2405878786;-4,1234
2405898988;-4,1214
2405919190;-4,1186
2405939392;-4,1081
2405959594;-4,0980
2405979796;-4,1169
2405999998;-4,0874
