TSASCAN;01-06-2023;22:25:04;0;2404;2406;55,00;5,00;100;Logmag;dB;0;0
2404000000;-4,7384
2404020202;-4,7128
2404040404;-4,7157
2404060606;-4,6588
2404080808;-4,6647
2404101010;-4,6332
2404121212;-4,5922
2404141414;-4,5949
2404161616;-4,5610
2404181818;-4,5239
2404202020;-4,5028
2404222222;-4,4769
2404242424;-4,4645
2404262626;-4,4478
2404282828;-4,4156
2404303030;-4,4010
2404323232;-4,3871
2404343434;-4,3690
2404363636;-4,3534
2404383838;-4,3334
2404404040;-4,3054
2404424242;-4,2862
2404444444;-4,2738
2404464646;-4,2283
2404484848;-4,2276
2404505050;-4,2001
2404525252;-4,1865
2404545454;-4,1542
2404565656;-4,1320
2404585858;-4,1164
2404606060;-4,1029
2404626262;-4,1005
2404646464;-4,0541
2404666666;-4,0594
2404686868;-4,0491
2404707070;-4,0162
2404727272;-3,9992
2404747474;-3,9915
2404767676;-3,9721
2404787878;-3,9385
2404808080;-3,9135
2404828282;-3,9187
2404848484;-3,9050
2404868686;-3,8840
2404888888;-3,8676
2404909090;-3,8483
2404929292;-3,8479
2404949494;-3,8150
2404969696;-3,8094
2404989898;-3,8066
2405010100;-3,7882
2405030302;-3,7626
2405050504;-3,7349
2405070706;-3,7340
2405090908;-3,7120
2405111110;-3,7182
2405131312;-3,6982
2405151514;-3,6755
2405171716;-3,6598
2405191918;-3,6627
2405212120;-3,6520
2405232322;-3,6361
2405252524;-3,6216
2405272726;-3,6048
2405292928;-3,6061
2405313130;-3,5921
2405333332;-3,5891
2405353534;-3,5612
2405373736;-3,5594
2405393938;-3,5486
2405414140;-3,5241
2405434342;-3,5303
2405454544;-3,5052
2405474746;-3,5151
2405494948;-3,4921
2405515150;-3,4790
2405535352;-3,4830
2405555554;-3,4617
2405575756;-3,4501
2405595958;-3,4448
2405616160;-3,4414
2405636362;-3,4272
2405656564;-3,4209
2405676766;-3,4144
2405696968;-3,3929
2405717170;-3,3800
2405737372;-3,3892
2405757574;-3,3787
2405777776;-3,3785
2405797978;-3,3881
2405818180;-3,3566
2405838382;-3,3531
2405858584;-3,3478
2405878786;-3,3425
2405898988;-3,3303
2405919190;-3,3247
2405939392;-3,3462
2405959594;-3,3203
2405979796;-3,3259
2405999998;-3,3082
