TSASCAN;01-06-2023;21:58:02;0;2404;2406;55,00;5,00;100;Logmag;dB;0;0
2404000000;-3,9582
2404020202;-3,9568
2404040404;-3,9158
2404060606;-3,9015
2404080808;-3,8820
2404101010;-3,8341
2404121212;-3,8104
2404141414;-3,7823
2404161616;-3,7719
2404181818;-3,7321
2404202020;-3,7156
2404222222;-3,6877
2404242424;-3,6561
2404262626;-3,6524
2404282828;-3,6234
2404303030;-3,5893
2404323232;-3,5576
2404343434;-3,5302
2404363636;-3,5176
2404383838;-3,5112
2404404040;-3,4929
2404424242;-3,4572
2404444444;-3,4165
2404464646;-3,4115
2404484848;-3,3752
2404505050;-3,3602
2404525252;-3,3315
2404545454;-3,3287
2404565656;-3,3017
2404585858;-3,2668
2404606060;-3,2666
2404626262;-3,2478
2404646464;-3,2235
2404666666;-3,1986
2404686868;-3,1798
2404707070;-3,1705
2404727272;-3,1337
2404747474;-3,1290
2404767676;-3,0929
2404787878;-3,0676
2404808080;-3,0615
2404828282;-3,0385
2404848484;-3,0425
2404868686;-3,0210
2404888888;-2,9979
2404909090;-2,9777
2404929292;-2,9658
2404949494;-2,9440
2404969696;-2,9355
2404989898;-2,9266
2405010100;-2,8869
2405030302;-2,8722
2405050504;-2,8681
2405070706;-2,8455
2405090908;-2,8328
2405111110;-2,8125
2405131312;-2,8144
2405151514;-2,7809
2405171716;-2,7851
2405191918;-2,7686
2405212120;-2,7510
2405232322;-2,7420
2405252524;-2,7192
2405272726;-2,6986
2405292928;-2,6924
2405313130;-2,6952
2405333332;-2,6871
2405353534;-2,6516
2405373736;-2,6512
2405393938;-2,6232
2405414140;-2,6178
2405434342;-2,6082
2405454544;-2,5985
2405474746;-2,6021
2405494948;-2,5699
2405515150;-2,5589
2405535352;-2,5666
2405555554;-2,5337
2405575756;-2,5338
2405595958;-2,5291
2405616160;-2,4985
2405636362;-2,4987
2405656564;-2,4974
2405676766;-2,4831
2405696968;-2,4895
2405717170;-2,4609
2405737372;-2,4580
2405757574;-2,4536
2405777776;-2,4460
2405797978;-2,4434
2405818180;-2,4192
2405838382;-2,4092
2405858584;-2,4059
2405878786;-2,4091
2405898988;-2,3978
2405919190;-2,3790
2405939392;-2,3683
2405959594;-2,3736
2405979796;-2,3458
2405999998;-2,3399
