TSASCAN;01-06-2023;22:22:13;0;2404;2406;55,00;5,00;100;Logmag;dB;0;0
2404000000;-7,2797
2404020202;-7,2288
2404040404;-7,1946
2404060606;-7,1628
2404080808;-7,1032
2404101010;-7,0443
2404121212;-7,0017
2404141414;-6,9530
2404161616;-6,9186
2404181818;-6,8806
2404202020;-6,8347
2404222222;-6,8121
2404242424;-6,7592
2404262626;-6,7041
2404282828;-6,6717
2404303030;-6,6177
2404323232;-6,5856
2404343434;-6,5603
2404363636;-6,4892
2404383838;-6,4542
2404404040;-6,4247
2404424242;-6,3935
2404444444;-6,3239
2404464646;-6,3124
2404484848;-6,2499
2404505050;-6,2370
2404525252;-6,1939
2404545454;-6,1489
2404565656;-6,1074
2404585858;-6,0647
2404606060;-6,0286
2404626262;-6,0284
2404646464;-5,9659
2404666666;-5,9516
2404686868;-5,9094
2404707070;-5,8816
2404727272;-5,8585
2404747474;-5,7946
2404767676;-5,7605
2404787878;-5,7486
2404808080;-5,6947
2404828282;-5,6630
2404848484;-5,6348
2404868686;-5,6002
2404888888;-5,5900
2404909090;-5,5471
2404929292;-5,4938
2404949494;-5,4977
2404969696;-5,4474
2404989898;-5,4031
2405010100;-5,3919
2405030302;-5,3644
2405050504;-5,3280
2405070706;-5,3107
2405090908;-5,2650
2405111110;-5,2371
2405131312;-5,2257
2405151514;-5,1945
2405171716;-5,1528
2405191918;-5,1331
2405212120;-5,1077
2405232322;-5,0727
2405252524;-5,0281
2405272726;-5,0356
2405292928;-5,0012
2405313130;-4,9754
2405333332;-4,9527
2405353534;-4,9206
2405373736;-4,8898
2405393938;-4,8705
2405414140;-4,8295
2405434342;-4,8152
2405454544;-4,7882
2405474746;-4,7572
2405494948;-4,7263
2405515150;-4,6981
2405535352;-4,6859
2405555554;-4,6788
2405575756;-4,6541
2405595958;-4,6124
2405616160;-4,6084
2405636362;-4,5735
2405656564;-4,5608
2405676766;-4,5497
2405696968;-4,5212
2405717170;-4,4770
2405737372;-4,4822
2405757574;-4,4471
2405777776;-4,4180
2405797978;-4,4007
2405818180;-4,3807
2405838382;-4,3703
2405858584;-4,3523
2405878786;-4,3148
2405898988;-4,3157
2405919190;-4,2900
2405939392;-4,2725
2405959594;-4,2564
2405979796;-4,2239
2405999998;-4,2090
