TSASCAN;01-06-2023;21:56:19;0;2404;2406;55,00;5,00;100;Logmag;dB;0;0
2404000000;-4,0481
2404020202;-4,0149
2404040404;-3,9772
2404060606;-3,9658
2404080808;-3,9284
2404101010;-3,8882
2404121212;-3,8771
2404141414;-3,8336
2404161616;-3,8091
2404181818;-3,7683
2404202020;-3,7379
2404222222;-3,7125
2404242424;-3,6832
2404262626;-3,6458
2404282828;-3,6342
2404303030;-3,5872
2404323232;-3,5731
2404343434;-3,5269
2404363636;-3,5206
2404383838;-3,4763
2404404040;-3,4525
2404424242;-3,4261
2404444444;-3,4020
2404464646;-3,3639
2404484848;-3,3464
2404505050;-3,3305
2404525252;-3,2935
2404545454;-3,2606
2404565656;-3,2489
2404585858;-3,2061
2404606060;-3,1967
2404626262;-3,1658
2404646464;-3,1302
2404666666;-3,1055
2404686868;-3,0851
2404707070;-3,0623
2404727272;-3,0331
2404747474;-3,0033
2404767676;-2,9783
2404787878;-2,9689
2404808080;-2,9337
2404828282;-2,9160
2404848484;-2,8851
2404868686;-2,8683
2404888888;-2,8427
2404909090;-2,8124
2404929292;-2,8112
2404949494;-2,7898
2404969696;-2,7768
2404989898;-2,7449
2405010100;-2,7155
2405030302;-2,7016
2405050504;-2,6813
2405070706;-2,6576
2405090908;-2,6284
2405111110;-2,6175
2405131312;-2,5975
2405151514;-2,5746
2405171716;-2,5491
2405191918;-2,5324
2405212120;-2,5231
2405232322;-2,4886
2405252524;-2,4642
2405272726;-2,4597
2405292928;-2,4321
2405313130;-2,4240
2405333332;-2,3911
2405353534;-2,3833
2405373736;-2,3467
2405393938;-2,3321
2405414140;-2,3137
2405434342;-2,2946
2405454544;-2,2966
2405474746;-2,2615
2405494948;-2,2380
2405515150;-2,2428
2405535352;-2,2062
2405555554;-2,2080
2405575756;-2,1759
2405595958;-2,1523
2405616160;-2,1430
2405636362;-2,1220
2405656564;-2,1253
2405676766;-2,0987
2405696968;-2,0800
2405717170;-2,0650
2405737372;-2,0563
2405757574;-2,0331
2405777776;-2,0215
2405797978;-2,0021
2405818180;-1,9853
2405838382;-1,9744
2405858584;-1,9712
2405878786;-1,9384
2405898988;-1,9302
2405919190;-1,9254
2405939392;-1,9053
2405959594;-1,8875
2405979796;-1,8805
2405999998;-1,8630
