TSASCAN;01-06-2023;22:24:40;0;2404;2406;55,00;5,00;100;Logmag;dB;0;0
2404000000;-4,3148
2404020202;-4,2917
2404040404;-4,2726
2404060606;-4,2541
2404080808;-4,2046
2404101010;-4,1638
2404121212;-4,1272
2404141414;-4,1134
2404161616;-4,0795
2404181818;-4,0487
2404202020;-4,0153
2404222222;-3,9859
2404242424;-3,9489
2404262626;-3,9113
2404282828;-3,9019
2404303030;-3,8720
2404323232;-3,8402
2404343434;-3,7947
2404363636;-3,7672
2404383838;-3,7535
2404404040;-3,7350
2404424242;-3,6861
2404444444;-3,6777
2404464646;-3,6360
2404484848;-3,5947
2404505050;-3,5786
2404525252;-3,5633
2404545454;-3,5247
2404565656;-3,5071
2404585858;-3,4768
2404606060;-3,4491
2404626262;-3,4347
2404646464;-3,3976
2404666666;-3,3729
2404686868;-3,3543
2404707070;-3,3200
2404727272;-3,2940
2404747474;-3,2739
2404767676;-3,2370
2404787878;-3,2074
2404808080;-3,1972
2404828282;-3,1592
2404848484;-3,1375
2404868686;-3,1128
2404888888;-3,0878
2404909090;-3,0846
2404929292;-3,0458
2404949494;-3,0170
2404969696;-3,0090
2404989898;-2,9898
2405010100;-2,9693
2405030302;-2,9531
2405050504;-2,9096
2405070706;-2,8869
2405090908;-2,8663
2405111110;-2,8484
2405131312;-2,8348
2405151514;-2,8144
2405171716;-2,7785
2405191918;-2,7691
2405212120;-2,7453
2405232322;-2,7178
2405252524;-2,7155
2405272726;-2,6797
2405292928;-2,6504
2405313130;-2,6404
2405333332;-2,6339
2405353534;-2,6092
2405373736;-2,5936
2405393938;-2,5629
2405414140;-2,5550
2405434342;-2,5278
2405454544;-2,5058
2405474746;-2,5070
2405494948;-2,4767
2405515150;-2,4533
2405535352;-2,4385
2405555554;-2,4258
2405575756;-2,4145
2405595958;-2,3999
2405616160;-2,3572
2405636362;-2,3527
2405656564;-2,3244
2405676766;-2,3044
2405696968;-2,3017
2405717170;-2,2881
2405737372;-2,2716
2405757574;-2,2508
2405777776;-2,2281
2405797978;-2,2195
2405818180;-2,1894
2405838382;-2,1812
2405858584;-2,1619
2405878786;-2,1584
2405898988;-2,1340
2405919190;-2,1347
2405939392;-2,1121
2405959594;-2,1065
2405979796;-2,0710
2405999998;-2,0655
