TSASCAN;01-06-2023;22:00:10;0;2404;2406;55,00;5,00;100;Logmag;dB;0;0
2404000000;-6,1294
2404020202;-6,1162
2404040404;-6,0478
2404060606;-6,0189
2404080808;-5,9704
2404101010;-5,9530
2404121212;-5,9204
2404141414;-5,8579
2404161616;-5,8276
2404181818;-5,7993
2404202020;-5,7438
2404222222;-5,7186
2404242424;-5,6877
2404262626;-5,6499
2404282828;-5,6114
2404303030;-5,5771
2404323232;-5,5265
2404343434;-5,5179
2404363636;-5,4792
2404383838;-5,4178
2404404040;-5,4182
2404424242;-5,3721
2404444444;-5,3259
2404464646;-5,2871
2404484848;-5,2703
2404505050;-5,2137
2404525252;-5,1788
2404545454;-5,1565
2404565656;-5,1432
2404585858;-5,0730
2404606060;-5,0696
2404626262;-5,0474
2404646464;-4,9923
2404666666;-4,9675
2404686868;-4,9277
2404707070;-4,9168
2404727272;-4,8659
2404747474;-4,8216
2404767676;-4,8117
2404787878;-4,7868
2404808080;-4,7364
2404828282;-4,7207
2404848484;-4,6732
2404868686;-4,6408
2404888888;-4,6296
2404909090;-4,6030
2404929292;-4,5732
2404949494;-4,5329
2404969696;-4,5296
2404989898;-4,4718
2405010100;-4,4563
2405030302;-4,4263
2405050504;-4,4153
2405070706;-4,3800
2405090908;-4,3517
2405111110;-4,3229
2405131312;-4,2898
2405151514;-4,2721
2405171716;-4,2469
2405191918;-4,2235
2405212120;-4,1802
2405232322;-4,1869
2405252524;-4,1258
2405272726;-4,1052
2405292928;-4,0715
2405313130;-4,0548
2405333332;-4,0353
2405353534;-4,0055
2405373736;-3,9852
2405393938;-3,9675
2405414140;-3,9235
2405434342;-3,9046
2405454544;-3,8790
2405474746;-3,8471
2405494948;-3,8182
2405515150;-3,8139
2405535352;-3,7979
2405555554;-3,7528
2405575756;-3,7391
2405595958;-3,7208
2405616160;-3,6928
2405636362;-3,6602
2405656564;-3,6399
2405676766;-3,6411
2405696968;-3,6030
2405717170;-3,5747
2405737372;-3,5558
2405757574;-3,5330
2405777776;-3,5315
2405797978;-3,4829
2405818180;-3,4731
2405838382;-3,4596
2405858584;-3,4405
2405878786;-3,4243
2405898988;-3,3809
2405919190;-3,3662
2405939392;-3,3420
2405959594;-3,3268
2405979796;-3,3190
2405999998;-3,3048
