TSASCAN;01-06-2023;22:22:37;0;2404;2406;55,00;5,00;100;Logmag;dB;0;0
2404000000;-5,9850
2404020202;-5,9397
2404040404;-5,9295
2404060606;-5,8535
2404080808;-5,8304
2404101010;-5,8090
2404121212;-5,7768
2404141414;-5,7281
2404161616;-5,7121
2404181818;-5,6854
2404202020;-5,6475
2404222222;-5,6044
2404242424;-5,5908
2404262626;-5,5602
2404282828;-5,5071
2404303030;-5,4773
2404323232;-5,4575
2404343434;-5,4124
2404363636;-5,3817
2404383838;-5,3332
2404404040;-5,3293
2404424242;-5,2902
2404444444;-5,2391
2404464646;-5,1996
2404484848;-5,1863
2404505050;-5,1283
2404525252;-5,1145
2404545454;-5,0941
2404565656;-5,0509
2404585858;-5,0076
2404606060;-4,9730
2404626262;-4,9445
2404646464;-4,9338
2404666666;-4,8937
2404686868;-4,8646
2404707070;-4,8399
2404727272;-4,8120
2404747474;-4,7854
2404767676;-4,7720
2404787878;-4,7252
2404808080;-4,6861
2404828282;-4,6489
2404848484;-4,6172
2404868686;-4,5980
2404888888;-4,5518
2404909090;-4,5428
2404929292;-4,4895
2404949494;-4,4645
2404969696;-4,4326
2404989898;-4,3975
2405010100;-4,3644
2405030302;-4,3380
2405050504;-4,3094
2405070706;-4,2769
2405090908;-4,2471
2405111110;-4,2406
2405131312;-4,2153
2405151514;-4,1747
2405171716;-4,1470
2405191918;-4,1333
2405212120;-4,1035
2405232322;-4,0944
2405252524;-4,0545
2405272726;-4,0222
2405292928;-4,0101
2405313130;-3,9540
2405333332;-3,9436
2405353534;-3,9183
2405373736;-3,8820
2405393938;-3,8572
2405414140;-3,8367
2405434342;-3,8106
2405454544;-3,7859
2405474746;-3,7434
2405494948;-3,7331
2405515150;-3,6859
2405535352;-3,6730
2405555554;-3,6519
2405575756;-3,6270
2405595958;-3,6024
2405616160;-3,5911
2405636362;-3,5678
2405656564;-3,5546
2405676766;-3,5259
2405696968;-3,4932
2405717170;-3,4820
2405737372;-3,4439
2405757574;-3,4397
2405777776;-3,3970
2405797978;-3,3780
2405818180;-3,3773
2405838382;-3,3313
2405858584;-3,3130
2405878786;-3,2758
2405898988;-3,2673
2405919190;-3,2558
2405939392;-3,2220
2405959594;-3,2131
2405979796;-3,1978
2405999998;-3,1578
