TSASCAN;01-06-2023;21:21:05;0;2404;2406;55,00;5,00;100;Logmag;dB;0;0
2404000000;-3,9780
2404020202;-3,9957
2404040404;-3,9826
2404060606;-4,0112
2404080808;-3,9952
2404101010;-4,0069
2404121212;-4,0070
2404141414;-4,0071
2404161616;-4,0132
2404181818;-4,0274
2404202020;-4,0501
2404222222;-4,0569
2404242424;-4,0406
2404262626;-4,0731
2404282828;-4,0487
2404303030;-4,0804
2404323232;-4,0708
2404343434;-4,0998
2404363636;-4,0765
2404383838;-4,1004
2404404040;-4,1163
2404424242;-4,1072
2404444444;-4,1247
2404464646;-4,1450
2404484848;-4,1393
2404505050;-4,1361
2404525252;-4,1528
2404545454;-4,1571
2404565656;-4,1628
2404585858;-4,1806
2404606060;-4,1837
2404626262;-4,2027
2404646464;-4,2057
2404666666;-4,2226
2404686868;-4,2150
2404707070;-4,2368
2404727272;-4,2321
2404747474;-4,2497
2404767676;-4,2544
2404787878;-4,2725
2404808080;-4,2746
2404828282;-4,2906
2404848484;-4,3008
2404868686;-4,3296
2404888888;-4,3250
2404909090;-4,3425
2404929292;-4,3300
2404949494;-4,3410
2404969696;-4,3668
2404989898;-4,3677
2405010100;-4,3730
2405030302;-4,3921
2405050504;-4,3986
2405070706;-4,4231
2405090908;-4,4361
2405111110;-4,4539
2405131312;-4,4457
2405151514;-4,4612
2405171716;-4,4732
2405191918;-4,4814
2405212120;-4,5102
2405232322;-4,5308
2405252524;-4,5255
2405272726;-4,5511
2405292928;-4,5760
2405313130;-4,5645
2405333332;-4,5748
2405353534;-4,6015
2405373736;-4,6231
2405393938;-4,6378
2405414140;-4,6384
2405434342;-4,6412
2405454544;-4,6832
2405474746;-4,6695
2405494948;-4,7022
2405515150;-4,7108
2405535352;-4,7259
2405555554;-4,7494
2405575756;-4,7639
2405595958;-4,7879
2405616160;-4,7832
2405636362;-4,8168
2405656564;-4,8052
2405676766;-4,8396
2405696968;-4,8402
2405717170;-4,8599
2405737372;-4,8805
2405757574;-4,9164
2405777776;-4,9088
2405797978;-4,9385
2405818180;-4,9528
2405838382;-4,9710
2405858584;-4,9711
2405878786;-5,0107
2405898988;-5,0190
2405919190;-5,0230
2405939392;-5,0337
2405959594;-5,0673
2405979796;-5,0732
2405999998;-5,1060
