TSASCAN;01-06-2023;21:59:07;0;2404;2406;55,00;5,00;100;Logmag;dB;0;0
2404000000;-1,9742
2404020202;-1,9598
2404040404;-1,9533
2404060606;-1,9509
2404080808;-1,9384
2404101010;-1,9267
2404121212;-1,9058
2404141414;-1,9135
2404161616;-1,8927
2404181818;-1,8807
2404202020;-1,8799
2404222222;-1,8639
2404242424;-1,8550
2404262626;-1,8540
2404282828;-1,8469
2404303030;-1,8195
2404323232;-1,8131
2404343434;-1,8049
2404363636;-1,8013
2404383838;-1,7744
2404404040;-1,7768
2404424242;-1,7764
2404444444;-1,7425
2404464646;-1,7302
2404484848;-1,7275
2404505050;-1,7190
2404525252;-1,6976
2404545454;-1,6769
2404565656;-1,6796
2404585858;-1,6617
2404606060;-1,6513
2404626262;-1,6452
2404646464;-1,6203
2404666666;-1,6197
2404686868;-1,5990
2404707070;-1,5737
2404727272;-1,5637
2404747474;-1,5614
2404767676;-1,5315
2404787878;-1,5435
2404808080;-1,5139
2404828282;-1,5159
2404848484;-1,4854
2404868686;-1,4647
2404888888;-1,4701
2404909090;-1,4427
2404929292;-1,4307
2404949494;-1,4145
2404969696;-1,3881
2404989898;-1,3779
2405010100;-1,3711
2405030302;-1,3570
2405050504;-1,3520
2405070706;-1,3220
2405090908;-1,2996
2405111110;-1,2919
2405131312;-1,2804
2405151514;-1,2545
2405171716;-1,2443
2405191918;-1,2178
2405212120;-1,2078
2405232322;-1,1960
2405252524;-1,1766
2405272726;-1,1645
2405292928;-1,1553
2405313130;-1,1353
2405333332;-1,1152
2405353534;-1,1175
2405373736;-1,0889
2405393938;-1,0649
2405414140;-1,0593
2405434342;-1,0483
2405454544;-1,0232
2405474746;-1,0028
2405494948;-0,9961
2405515150;-0,9681
2405535352;-0,9641
2405555554;-0,9393
2405575756;-0,9348
2405595958;-0,9005
2405616160;-0,8985
2405636362;-0,8651
2405656564;-0,8660
2405676766;-0,8347
2405696968;-0,8151
2405717170;-0,8072
2405737372;-0,7867
2405757574;-0,7712
2405777776;-0,7516
2405797978;-0,7536
2405818180;-0,7301
2405838382;-0,7026
2405858584;-0,6993
2405878786;-0,6711
2405898988;-0,6622
2405919190;-0,6330
2405939392;-0,6217
2405959594;-0,5986
2405979796;-0,5844
2405999998;-0,5724
