TSASCAN;01-06-2023;22:17:43;0;2404;2406;55,00;5,00;100;Logmag;dB;0;0
2404000000;-3,4292
2404020202;-3,4217
2404040404;-3,4273
2404060606;-3,4399
2404080808;-3,4072
2404101010;-3,4303
2404121212;-3,4137
2404141414;-3,4022
2404161616;-3,4140
2404181818;-3,3913
2404202020;-3,4183
2404222222;-3,3869
2404242424;-3,4065
2404262626;-3,3833
2404282828;-3,3983
2404303030;-3,3874
2404323232;-3,3877
2404343434;-3,3908
2404363636;-3,3911
2404383838;-3,3931
2404404040;-3,3894
2404424242;-3,3880
2404444444;-3,3756
2404464646;-3,3684
2404484848;-3,4030
2404505050;-3,3944
2404525252;-3,3859
2404545454;-3,4086
2404565656;-3,4001
2404585858;-3,3996
2404606060;-3,4045
2404626262;-3,4007
2404646464;-3,3875
2404666666;-3,3927
2404686868;-3,4105
2404707070;-3,3989
2404727272;-3,3916
2404747474;-3,3926
2404767676;-3,4120
2404787878;-3,4088
2404808080;-3,4060
2404828282;-3,3985
2404848484;-3,3929
2404868686;-3,4012
2404888888;-3,4131
2404909090;-3,4220
2404929292;-3,4280
2404949494;-3,4167
2404969696;-3,4321
2404989898;-3,4577
2405010100;-3,4420
2405030302;-3,4560
2405050504;-3,4462
2405070706;-3,4700
2405090908;-3,4582
2405111110;-3,4746
2405131312;-3,4703
2405151514;-3,4648
2405171716;-3,4663
2405191918;-3,4798
2405212120;-3,5011
2405232322;-3,4938
2405252524;-3,4825
2405272726;-3,5188
2405292928;-3,5113
2405313130;-3,5214
2405333332;-3,5333
2405353534;-3,5307
2405373736;-3,5492
2405393938;-3,5555
2405414140;-3,5610
2405434342;-3,5605
2405454544;-3,5725
2405474746;-3,5755
2405494948;-3,5882
2405515150;-3,5966
2405535352;-3,6282
2405555554;-3,6262
2405575756;-3,6266
2405595958;-3,6289
2405616160;-3,6669
2405636362;-3,6569
2405656564;-3,6518
2405676766;-3,6620
2405696968;-3,6713
2405717170;-3,6746
2405737372;-3,7153
2405757574;-3,7030
2405777776;-3,7239
2405797978;-3,7301
2405818180;-3,7491
2405838382;-3,7401
2405858584;-3,7731
2405878786;-3,7556
2405898988;-3,7872
2405919190;-3,8167
2405939392;-3,8179
2405959594;-3,8351
2405979796;-3,8470
2405999998;-3,8547
