TSASCAN;01-06-2023;21:44:18;0;2404;2406;55,00;5,00;100;Logmag;dB;0;0
2404000000;-3,1666
2404020202;-3,1570
2404040404;-3,1383
2404060606;-3,1400
2404080808;-3,1265
2404101010;-3,1113
2404121212;-3,1062
2404141414;-3,0817
2404161616;-3,0687
2404181818;-3,0639
2404202020;-3,0496
2404222222;-3,0328
2404242424;-3,0324
2404262626;-3,0208
2404282828;-3,0112
2404303030;-3,0197
2404323232;-2,9788
2404343434;-2,9771
2404363636;-2,9625
2404383838;-2,9571
2404404040;-2,9527
2404424242;-2,9509
2404444444;-2,9394
2404464646;-2,9216
2404484848;-2,9430
2404505050;-2,9125
2404525252;-2,9042
2404545454;-2,9182
2404565656;-2,9102
2404585858;-2,8931
2404606060;-2,8846
2404626262;-2,8825
2404646464;-2,8689
2404666666;-2,8674
2404686868;-2,8657
2404707070;-2,8640
2404727272;-2,8508
2404747474;-2,8352
2404767676;-2,8309
2404787878;-2,8378
2404808080;-2,8402
2404828282;-2,8355
2404848484;-2,8319
2404868686;-2,8149
2404888888;-2,8134
2404909090;-2,8015
2404929292;-2,8031
2404949494;-2,7931
2404969696;-2,7984
2404989898;-2,7994
2405010100;-2,7940
2405030302;-2,7950
2405050504;-2,7778
2405070706;-2,7978
2405090908;-2,7886
2405111110;-2,7833
2405131312;-2,7686
2405151514;-2,7874
2405171716;-2,7705
2405191918;-2,7852
2405212120;-2,7860
2405232322;-2,7696
2405252524;-2,7677
2405272726;-2,7596
2405292928;-2,7828
2405313130;-2,7746
2405333332;-2,7778
2405353534;-2,7822
2405373736;-2,7746
2405393938;-2,7745
2405414140;-2,7846
2405434342;-2,7678
2405454544;-2,7684
2405474746;-2,7758
2405494948;-2,7710
2405515150;-2,7805
2405535352;-2,7812
2405555554;-2,7805
2405575756;-2,7779
2405595958;-2,7724
2405616160;-2,7840
2405636362;-2,7969
2405656564;-2,7911
2405676766;-2,8051
2405696968;-2,7967
2405717170;-2,7980
2405737372;-2,7991
2405757574;-2,8134
2405777776;-2,8305
2405797978;-2,8142
2405818180;-2,8365
2405838382;-2,8114
2405858584;-2,8290
2405878786;-2,8307
2405898988;-2,8355
2405919190;-2,8425
2405939392;-2,8528
2405959594;-2,8575
2405979796;-2,8508
2405999998;-2,8756
