TSASCAN;01-06-2023;22:18:58;0;2404;2406;55,00;5,00;100;Logmag;dB;0;0
2404000000;-7,6398
2404020202;-7,6245
2404040404;-7,6363
2404060606;-7,6344
2404080808;-7,6064
2404101010;-7,5872
2404121212;-7,5766
2404141414;-7,5643
2404161616;-7,5406
2404181818;-7,5463
2404202020;-7,5500
2404222222;-7,5598
2404242424;-7,5639
2404262626;-7,5219
2404282828;-7,5093
2404303030;-7,5411
2404323232;-7,4916
2404343434;-7,4679
2404363636;-7,5049
2404383838;-7,4935
2404404040;-7,4685
2404424242;-7,4737
2404444444;-7,4506
2404464646;-7,4343
2404484848;-7,4173
2404505050;-7,3969
2404525252;-7,3932
2404545454;-7,3881
2404565656;-7,3865
2404585858;-7,4007
2404606060;-7,3768
2404626262;-7,4054
2404646464;-7,3937
2404666666;-7,3702
2404686868;-7,3671
2404707070;-7,4014
2404727272;-7,3597
2404747474;-7,3665
2404767676;-7,3727
2404787878;-7,3492
2404808080;-7,3617
2404828282;-7,3482
2404848484;-7,3126
2404868686;-7,3203
2404888888;-7,3193
2404909090;-7,3027
2404929292;-7,3317
2404949494;-7,3180
2404969696;-7,3073
2404989898;-7,2932
2405010100;-7,3049
2405030302;-7,3393
2405050504;-7,3321
2405070706;-7,3090
2405090908;-7,2940
2405111110;-7,3104
2405131312;-7,3098
2405151514;-7,3000
2405171716;-7,3082
2405191918;-7,2807
2405212120;-7,2801
2405232322;-7,2785
2405252524;-7,2775
2405272726;-7,2987
2405292928;-7,2732
2405313130;-7,2793
2405333332;-7,2809
2405353534;-7,2715
2405373736;-7,2923
2405393938;-7,2665
2405414140;-7,2702
2405434342;-7,2675
2405454544;-7,3053
2405474746;-7,3061
2405494948;-7,2755
2405515150;-7,3103
2405535352;-7,3103
2405555554;-7,3139
2405575756;-7,3158
2405595958;-7,3047
2405616160;-7,2990
2405636362;-7,3012
2405656564;-7,3235
2405676766;-7,3238
2405696968;-7,3189
2405717170;-7,2936
2405737372;-7,3274
2405757574;-7,3143
2405777776;-7,3170
2405797978;-7,2958
2405818180;-7,3263
2405838382;-7,3097
2405858584;-7,3384
2405878786;-7,3326
2405898988;-7,3698
2405919190;-7,3630
2405939392;-7,3641
2405959594;-7,3677
2405979796;-7,3901
2405999998;-7,4099
