TSASCAN;01-06-2023;21:42:27;0;2404;2406;55,00;5,00;100;Logmag;dB;0;0
2404000000;-12,6554
2404020202;-12,5897
2404040404;-12,5138
2404060606;-12,4990
2404080808;-12,4974
2404101010;-12,4298
2404121212;-12,3926
2404141414;-12,3064
2404161616;-12,2865
2404181818;-12,2207
2404202020;-12,1705
2404222222;-12,1916
2404242424;-12,0872
2404262626;-12,0770
2404282828;-12,0171
2404303030;-12,0178
2404323232;-11,9812
2404343434;-11,8986
2404363636;-11,9053
2404383838;-11,8996
2404404040;-11,8432
2404424242;-11,7957
2404444444;-11,7721
2404464646;-11,7040
2404484848;-11,6790
2404505050;-11,6185
2404525252;-11,6117
2404545454;-11,5774
2404565656;-11,5195
2404585858;-11,4645
2404606060;-11,4392
2404626262;-11,4134
2404646464;-11,4014
2404666666;-11,3541
2404686868;-11,3246
2404707070;-11,2996
2404727272;-11,2638
2404747474;-11,2543
2404767676;-11,1637
2404787878;-11,2065
2404808080;-11,1484
2404828282;-11,1347
2404848484;-11,0700
2404868686;-11,0479
2404888888;-11,0085
2404909090;-10,9721
2404929292;-10,9732
2404949494;-10,9690
2404969696;-10,8895
2404989898;-10,9051
2405010100;-10,8456
2405030302;-10,8416
2405050504;-10,7628
2405070706;-10,7675
2405090908;-10,7097
2405111110;-10,7434
2405131312;-10,7102
2405151514;-10,6653
2405171716;-10,6648
2405191918;-10,5970
2405212120;-10,5517
2405232322;-10,5456
2405252524;-10,5367
2405272726;-10,5199
2405292928;-10,4992
2405313130;-10,4566
2405333332;-10,4519
2405353534;-10,4358
2405373736;-10,3901
2405393938;-10,3968
2405414140;-10,3882
2405434342;-10,3364
2405454544;-10,3346
2405474746;-10,3187
2405494948;-10,2774
2405515150;-10,2282
2405535352;-10,2135
2405555554;-10,2171
2405575756;-10,2054
2405595958;-10,1885
2405616160;-10,1734
2405636362;-10,1273
2405656564;-10,1343
2405676766;-10,1049
2405696968;-10,0935
2405717170;-10,0659
2405737372;-10,0602
2405757574;-10,0200
2405777776;-10,0135
2405797978;-9,9957
2405818180;-10,0125
2405838382;-9,9668
2405858584;-9,9538
2405878786;-9,9147
2405898988;-9,9274
2405919190;-9,9168
2405939392;-9,9090
2405959594;-9,8945
2405979796;-9,8817
2405999998;-9,8403
