TSASCAN;01-06-2023;22:18:05;0;2404;2406;55,00;5,00;100;Logmag;dB;0;0
2404000000;-8,4203
2404020202;-8,4077
2404040404;-8,3707
2404060606;-8,3259
2404080808;-8,2748
2404101010;-8,2474
2404121212;-8,2258
2404141414;-8,2049
2404161616;-8,1576
2404181818;-8,0891
2404202020;-8,0608
2404222222;-8,0327
2404242424;-7,9592
2404262626;-7,9640
2404282828;-7,8886
2404303030;-7,8614
2404323232;-7,8173
2404343434;-7,7847
2404363636;-7,7526
2404383838;-7,7418
2404404040;-7,7115
2404424242;-7,6592
2404444444;-7,6367
2404464646;-7,6225
2404484848;-7,5856
2404505050;-7,5277
2404525252;-7,5328
2404545454;-7,4922
2404565656;-7,4577
2404585858;-7,4388
2404606060;-7,4258
2404626262;-7,3818
2404646464;-7,3784
2404666666;-7,3180
2404686868;-7,2706
2404707070;-7,2617
2404727272;-7,2265
2404747474;-7,1873
2404767676;-7,1820
2404787878;-7,1194
2404808080;-7,1169
2404828282;-7,0688
2404848484;-7,0508
2404868686;-7,0310
2404888888;-7,0229
2404909090;-6,9835
2404929292;-6,9287
2404949494;-6,9325
2404969696;-6,8953
2404989898;-6,8776
2405010100;-6,8779
2405030302;-6,8356
2405050504;-6,8124
2405070706;-6,7928
2405090908;-6,7634
2405111110;-6,7655
2405131312;-6,7379
2405151514;-6,6988
2405171716;-6,6799
2405191918;-6,6736
2405212120;-6,6314
2405232322;-6,6236
2405252524;-6,6191
2405272726;-6,5858
2405292928;-6,5481
2405313130;-6,5549
2405333332;-6,4996
2405353534;-6,5025
2405373736;-6,4705
2405393938;-6,4552
2405414140;-6,4557
2405434342;-6,4403
2405454544;-6,4119
2405474746;-6,3985
2405494948;-6,3880
2405515150;-6,3678
2405535352;-6,3420
2405555554;-6,3112
2405575756;-6,3081
2405595958;-6,2842
2405616160;-6,2662
2405636362;-6,2552
2405656564;-6,2492
2405676766;-6,2513
2405696968;-6,2259
2405717170;-6,2092
2405737372;-6,1712
2405757574;-6,1767
2405777776;-6,1529
2405797978;-6,1335
2405818180;-6,1192
2405838382;-6,0991
2405858584;-6,1030
2405878786;-6,0812
2405898988;-6,1025
2405919190;-6,0726
2405939392;-6,0517
2405959594;-6,0598
2405979796;-6,0217
2405999998;-6,0391
