TSASCAN;01-06-2023;20:46:13;0;2404;2406;55,00;5,00;100;Logmag;dB;0;0
2404000000;-6,9207
2404020202;-6,9414
2404040404;-6,9045
2404060606;-6,9065
2404080808;-6,9001
2404101010;-6,9304
2404121212;-6,9206
2404141414;-6,8997
2404161616;-6,8855
2404181818;-6,9099
2404202020;-6,8947
2404222222;-6,9092
2404242424;-6,9183
2404262626;-6,8990
2404282828;-6,8904
2404303030;-6,9005
2404323232;-6,9255
2404343434;-6,9150
2404363636;-6,9034
2404383838;-6,9197
2404404040;-6,8723
2404424242;-6,8760
2404444444;-6,8760
2404464646;-6,8822
2404484848;-6,8705
2404505050;-6,8897
2404525252;-6,8908
2404545454;-6,8828
2404565656;-6,8762
2404585858;-6,9066
2404606060;-6,8920
2404626262;-6,9060
2404646464;-6,8868
2404666666;-6,9085
2404686868;-6,8877
2404707070;-6,9180
2404727272;-6,9417
2404747474;-6,9315
2404767676;-6,9298
2404787878;-6,9406
2404808080;-6,9349
2404828282;-6,9303
2404848484;-6,9538
2404868686;-6,9408
2404888888;-6,9717
2404909090;-6,9537
2404929292;-6,9813
2404949494;-6,9618
2404969696;-6,9695
2404989898;-6,9594
2405010100;-6,9740
2405030302;-7,0062
2405050504;-7,0149
2405070706;-6,9821
2405090908;-7,0129
2405111110;-7,0270
2405131312;-7,0421
2405151514;-7,0213
2405171716;-7,0215
2405191918;-7,0288
2405212120;-7,0388
2405232322;-7,0501
2405252524;-7,0746
2405272726;-7,0706
2405292928;-7,0859
2405313130;-7,0847
2405333332;-7,0844
2405353534;-7,0909
2405373736;-7,1123
2405393938;-7,1119
2405414140;-7,1256
2405434342;-7,1309
2405454544;-7,1768
2405474746;-7,1638
2405494948;-7,1706
2405515150;-7,1743
2405535352;-7,2035
2405555554;-7,2269
2405575756;-7,1891
2405595958;-7,2396
2405616160;-7,2610
2405636362;-7,2471
2405656564;-7,2717
2405676766;-7,2776
2405696968;-7,2816
2405717170;-7,2917
2405737372;-7,3237
2405757574;-7,3457
2405777776;-7,3347
2405797978;-7,3474
2405818180;-7,3463
2405838382;-7,4026
2405858584;-7,4124
2405878786;-7,4222
2405898988;-7,4171
2405919190;-7,4562
2405939392;-7,4591
2405959594;-7,4677
2405979796;-7,4746
2405999998;-7,4901
