TSASCAN;01-06-2023;22:31:01;0;2404;2406;55,00;5,00;100;Logmag;dB;0;0
2404000000;-4,9124
2404020202;-4,9366
2404040404;-4,8990
2404060606;-4,8960
2404080808;-4,8966
2404101010;-4,8805
2404121212;-4,9099
2404141414;-4,8817
2404161616;-4,8810
2404181818;-4,8766
2404202020;-4,8814
2404222222;-4,8884
2404242424;-4,8712
2404262626;-4,8790
2404282828;-4,8814
2404303030;-4,8372
2404323232;-4,8304
2404343434;-4,8576
2404363636;-4,8398
2404383838;-4,8250
2404404040;-4,8287
2404424242;-4,8184
2404444444;-4,8172
2404464646;-4,7883
2404484848;-4,7875
2404505050;-4,7729
2404525252;-4,7909
2404545454;-4,7688
2404565656;-4,7642
2404585858;-4,7641
2404606060;-4,7659
2404626262;-4,7677
2404646464;-4,7638
2404666666;-4,7894
2404686868;-4,7569
2404707070;-4,7843
2404727272;-4,7790
2404747474;-4,7800
2404767676;-4,7780
2404787878;-4,7790
2404808080;-4,7771
2404828282;-4,7792
2404848484;-4,7738
2404868686;-4,7885
2404888888;-4,7930
2404909090;-4,7619
2404929292;-4,7572
2404949494;-4,7775
2404969696;-4,7687
2404989898;-4,7837
2405010100;-4,7568
2405030302;-4,7585
2405050504;-4,7843
2405070706;-4,7745
2405090908;-4,7689
2405111110;-4,7938
2405131312;-4,7766
2405151514;-4,7813
2405171716;-4,8020
2405191918;-4,7935
2405212120;-4,8000
2405232322;-4,8185
2405252524;-4,8378
2405272726;-4,8318
2405292928;-4,8243
2405313130;-4,8508
2405333332;-4,8392
2405353534;-4,8270
2405373736;-4,8670
2405393938;-4,8420
2405414140;-4,8759
2405434342;-4,8463
2405454544;-4,8598
2405474746;-4,8769
2405494948;-4,8559
2405515150;-4,8880
2405535352;-4,8886
2405555554;-4,8811
2405575756;-4,8924
2405595958;-4,9317
2405616160;-4,9178
2405636362;-4,9487
2405656564;-4,9377
2405676766;-4,9663
2405696968;-4,9824
2405717170;-4,9823
2405737372;-5,0023
2405757574;-5,0030
2405777776;-4,9998
2405797978;-5,0222
2405818180;-5,0282
2405838382;-5,0508
2405858584;-5,0387
2405878786;-5,0530
2405898988;-5,0514
2405919190;-5,0652
2405939392;-5,0782
2405959594;-5,0809
2405979796;-5,0951
2405999998;-5,1241
