TSASCAN;01-06-2023;20:59:17;0;2404;2406;55,00;5,00;100;Logmag;dB;0;0
2404000000;-2,3769
2404020202;-2,3483
2404040404;-2,3146
2404060606;-2,2927
2404080808;-2,2756
2404101010;-2,2562
2404121212;-2,2215
2404141414;-2,1973
2404161616;-2,1611
2404181818;-2,1204
2404202020;-2,1053
2404222222;-2,0773
2404242424;-2,0441
2404262626;-1,9902
2404282828;-1,9659
2404303030;-1,9323
2404323232;-1,9120
2404343434;-1,8843
2404363636;-1,8524
2404383838;-1,8382
2404404040;-1,8114
2404424242;-1,7978
2404444444;-1,7643
2404464646;-1,7460
2404484848;-1,7323
2404505050;-1,6947
2404525252;-1,6750
2404545454;-1,6511
2404565656;-1,6319
2404585858;-1,5992
2404606060;-1,5836
2404626262;-1,5586
2404646464;-1,5186
2404666666;-1,5042
2404686868;-1,4709
2404707070;-1,4433
2404727272;-1,4305
2404747474;-1,3929
2404767676;-1,3645
2404787878;-1,3407
2404808080;-1,3149
2404828282;-1,2905
2404848484;-1,2857
2404868686;-1,2509
2404888888;-1,2357
2404909090;-1,2219
2404929292;-1,1974
2404949494;-1,1848
2404969696;-1,1568
2404989898;-1,1470
2405010100;-1,1300
2405030302;-1,1068
2405050504;-1,0993
2405070706;-1,0715
2405090908;-1,0575
2405111110;-1,0455
2405131312;-1,0163
2405151514;-0,9947
2405171716;-0,9985
2405191918;-0,9559
2405212120;-0,9393
2405232322;-0,9144
2405252524;-0,8919
2405272726;-0,8874
2405292928;-0,8630
2405313130;-0,8383
2405333332;-0,8265
2405353534;-0,8096
2405373736;-0,7797
2405393938;-0,7641
2405414140;-0,7613
2405434342;-0,7397
2405454544;-0,7263
2405474746;-0,7285
2405494948;-0,7010
2405515150;-0,6932
2405535352;-0,6853
2405555554;-0,6745
2405575756;-0,6643
2405595958;-0,6414
2405616160;-0,6421
2405636362;-0,6205
2405656564;-0,6187
2405676766;-0,5881
2405696968;-0,5820
2405717170;-0,5582
2405737372;-0,5395
2405757574;-0,5386
2405777776;-0,5135
2405797978;-0,5008
2405818180;-0,4865
2405838382;-0,4576
2405858584;-0,4534
2405878786;-0,4332
2405898988;-0,4271
2405919190;-0,4117
2405939392;-0,3990
2405959594;-0,3930
2405979796;-0,3906
2405999998;-0,3829
