TSASCAN;01-06-2023;22:32:43;0;2404;2406;55,00;5,00;100;Logmag;dB;0;0
2404000000;-1,6508
2404020202;-1,6110
2404040404;-1,5888
2404060606;-1,5671
2404080808;-1,5414
2404101010;-1,5074
2404121212;-1,4652
2404141414;-1,4339
2404161616;-1,4099
2404181818;-1,4043
2404202020;-1,3601
2404222222;-1,3476
2404242424;-1,3114
2404262626;-1,2842
2404282828;-1,2585
2404303030;-1,2345
2404323232;-1,2198
2404343434;-1,1941
2404363636;-1,1728
2404383838;-1,1590
2404404040;-1,1331
2404424242;-1,1150
2404444444;-1,0889
2404464646;-1,0699
2404484848;-1,0387
2404505050;-1,0157
2404525252;-0,9971
2404545454;-0,9737
2404565656;-0,9374
2404585858;-0,9195
2404606060;-0,8870
2404626262;-0,8758
2404646464;-0,8384
2404666666;-0,8224
2404686868;-0,8035
2404707070;-0,7760
2404727272;-0,7561
2404747474;-0,7322
2404767676;-0,7185
2404787878;-0,6905
2404808080;-0,6742
2404828282;-0,6600
2404848484;-0,6385
2404868686;-0,6153
2404888888;-0,6054
2404909090;-0,5817
2404929292;-0,5742
2404949494;-0,5522
2404969696;-0,5449
2404989898;-0,5251
2405010100;-0,4877
2405030302;-0,4903
2405050504;-0,4590
2405070706;-0,4328
2405090908;-0,4070
2405111110;-0,3982
2405131312;-0,3748
2405151514;-0,3443
2405171716;-0,3382
2405191918;-0,3321
2405212120;-0,3033
2405232322;-0,2792
2405252524;-0,2809
2405272726;-0,2440
2405292928;-0,2363
2405313130;-0,2328
2405333332;-0,2250
2405353534;-0,1885
2405373736;-0,1864
2405393938;-0,1688
2405414140;-0,1530
2405434342;-0,1302
2405454544;-0,1346
2405474746;-0,1097
2405494948;-0,0966
2405515150;-0,0806
2405535352;-0,0685
2405555554;-0,0565
2405575756;-0,0384
2405595958;-0,0216
2405616160;-0,0025
2405636362;0,0182
2405656564;0,0234
2405676766;0,0358
2405696968;0,0592
2405717170;0,0757
2405737372;0,0876
2405757574;0,1003
2405777776;0,1059
2405797978;0,1181
2405818180;0,1237
2405838382;0,1384
2405858584;0,1412
2405878786;0,1468
2405898988;0,1586
2405919190;0,1734
2405939392;0,1760
2405959594;0,1938
2405979796;0,1979
2405999998;0,2132
