TSASCAN;01-06-2023;21:00:23;0;2404;2406;55,00;5,00;100;Logmag;dB;0;0
2404000000;-1,3768
2404020202;-1,3469
2404040404;-1,3177
2404060606;-1,2790
2404080808;-1,2813
2404101010;-1,2363
2404121212;-1,2301
2404141414;-1,1910
2404161616;-1,1672
2404181818;-1,1355
2404202020;-1,1270
2404222222;-1,0981
2404242424;-1,0773
2404262626;-1,0537
2404282828;-1,0238
2404303030;-0,9859
2404323232;-0,9614
2404343434;-0,9396
2404363636;-0,9201
2404383838;-0,8959
2404404040;-0,8510
2404424242;-0,8333
2404444444;-0,8060
2404464646;-0,7766
2404484848;-0,7544
2404505050;-0,7381
2404525252;-0,7003
2404545454;-0,6773
2404565656;-0,6631
2404585858;-0,6305
2404606060;-0,6111
2404626262;-0,5949
2404646464;-0,5720
2404666666;-0,5540
2404686868;-0,5436
2404707070;-0,5124
2404727272;-0,4836
2404747474;-0,4740
2404767676;-0,4539
2404787878;-0,4260
2404808080;-0,4032
2404828282;-0,3837
2404848484;-0,3621
2404868686;-0,3330
2404888888;-0,3006
2404909090;-0,2755
2404929292;-0,2642
2404949494;-0,2421
2404969696;-0,2270
2404989898;-0,2064
2405010100;-0,1788
2405030302;-0,1588
2405050504;-0,1439
2405070706;-0,1313
2405090908;-0,1021
2405111110;-0,0971
2405131312;-0,0769
2405151514;-0,0469
2405171716;-0,0338
2405191918;-0,0189
2405212120;0,0079
2405232322;0,0206
2405252524;0,0318
2405272726;0,0561
2405292928;0,0804
2405313130;0,1053
2405333332;0,1193
2405353534;0,1423
2405373736;0,1639
2405393938;0,1614
2405414140;0,2000
2405434342;0,1980
2405454544;0,2303
2405474746;0,2482
2405494948;0,2560
2405515150;0,2680
2405535352;0,2886
2405555554;0,3002
2405575756;0,3256
2405595958;0,3338
2405616160;0,3545
2405636362;0,3650
2405656564;0,3887
2405676766;0,4037
2405696968;0,4168
2405717170;0,4282
2405737372;0,4471
2405757574;0,4611
2405777776;0,4722
2405797978;0,4752
2405818180;0,5045
2405838382;0,5168
2405858584;0,5331
2405878786;0,5364
2405898988;0,5509
2405919190;0,5661
2405939392;0,5887
2405959594;0,5918
2405979796;0,6066
2405999998;0,6194
