TSASCAN;01-06-2023;22:47:06;0;2404;2406;55,00;5,00;100;Logmag;dB;0;0
2404000000;-2,3012
2404020202;-2,2921
2404040404;-2,2518
2404060606;-2,2315
2404080808;-2,2170
2404101010;-2,1692
2404121212;-2,1476
2404141414;-2,1167
2404161616;-2,0826
2404181818;-2,0729
2404202020;-2,0210
2404222222;-2,0123
2404242424;-1,9871
2404262626;-1,9394
2404282828;-1,9123
2404303030;-1,8884
2404323232;-1,8502
2404343434;-1,8272
2404363636;-1,8029
2404383838;-1,7744
2404404040;-1,7441
2404424242;-1,7343
2404444444;-1,7002
2404464646;-1,6764
2404484848;-1,6395
2404505050;-1,6202
2404525252;-1,5887
2404545454;-1,5757
2404565656;-1,5370
2404585858;-1,5221
2404606060;-1,4908
2404626262;-1,4637
2404646464;-1,4433
2404666666;-1,4220
2404686868;-1,3911
2404707070;-1,3670
2404727272;-1,3387
2404747474;-1,3070
2404767676;-1,2959
2404787878;-1,2637
2404808080;-1,2499
2404828282;-1,2164
2404848484;-1,1827
2404868686;-1,1822
2404888888;-1,1378
2404909090;-1,1270
2404929292;-1,1068
2404949494;-1,0775
2404969696;-1,0429
2404989898;-1,0305
2405010100;-1,0028
2405030302;-0,9764
2405050504;-0,9690
2405070706;-0,9452
2405090908;-0,9286
2405111110;-0,9033
2405131312;-0,8776
2405151514;-0,8460
2405171716;-0,8328
2405191918;-0,8208
2405212120;-0,7836
2405232322;-0,7708
2405252524;-0,7440
2405272726;-0,7296
2405292928;-0,7059
2405313130;-0,6750
2405333332;-0,6577
2405353534;-0,6439
2405373736;-0,6155
2405393938;-0,5980
2405414140;-0,5748
2405434342;-0,5528
2405454544;-0,5458
2405474746;-0,5195
2405494948;-0,5065
2405515150;-0,4847
2405535352;-0,4546
2405555554;-0,4578
2405575756;-0,4301
2405595958;-0,4022
2405616160;-0,3905
2405636362;-0,3831
2405656564;-0,3551
2405676766;-0,3414
2405696968;-0,3166
2405717170;-0,3111
2405737372;-0,2809
2405757574;-0,2726
2405777776;-0,2488
2405797978;-0,2448
2405818180;-0,2241
2405838382;-0,2081
2405858584;-0,1946
2405878786;-0,1677
2405898988;-0,1466
2405919190;-0,1424
2405939392;-0,1274
2405959594;-0,1065
2405979796;-0,0900
2405999998;-0,0713
