TSASCAN;01-06-2023;20:59:37;0;2404;2406;55,00;5,00;100;Logmag;dB;0;0
2404000000;-2,5026
2404020202;-2,4657
2404040404;-2,4378
2404060606;-2,4042
2404080808;-2,3909
2404101010;-2,3668
2404121212;-2,3423
2404141414;-2,3138
2404161616;-2,2963
2404181818;-2,2668
2404202020;-2,2544
2404222222;-2,2240
2404242424;-2,1900
2404262626;-2,1826
2404282828;-2,1488
2404303030;-2,1253
2404323232;-2,0965
2404343434;-2,0794
2404363636;-2,0367
2404383838;-2,0164
2404404040;-2,0000
2404424242;-1,9623
2404444444;-1,9366
2404464646;-1,9022
2404484848;-1,8776
2404505050;-1,8457
2404525252;-1,8100
2404545454;-1,7953
2404565656;-1,7622
2404585858;-1,7604
2404606060;-1,7383
2404626262;-1,6886
2404646464;-1,6890
2404666666;-1,6640
2404686868;-1,6517
2404707070;-1,6167
2404727272;-1,6041
2404747474;-1,5761
2404767676;-1,5489
2404787878;-1,5442
2404808080;-1,5127
2404828282;-1,4894
2404848484;-1,4703
2404868686;-1,4228
2404888888;-1,4148
2404909090;-1,3879
2404929292;-1,3556
2404949494;-1,3299
2404969696;-1,3217
2404989898;-1,3001
2405010100;-1,2590
2405030302;-1,2336
2405050504;-1,2077
2405070706;-1,1847
2405090908;-1,1774
2405111110;-1,1565
2405131312;-1,1432
2405151514;-1,1170
2405171716;-1,1174
2405191918;-1,0756
2405212120;-1,0601
2405232322;-1,0552
2405252524;-1,0407
2405272726;-1,0090
2405292928;-0,9920
2405313130;-0,9642
2405333332;-0,9603
2405353534;-0,9265
2405373736;-0,9102
2405393938;-0,8818
2405414140;-0,8582
2405434342;-0,8514
2405454544;-0,8250
2405474746;-0,8056
2405494948;-0,7845
2405515150;-0,7490
2405535352;-0,7407
2405555554;-0,7192
2405575756;-0,7028
2405595958;-0,6776
2405616160;-0,6721
2405636362;-0,6577
2405656564;-0,6320
2405676766;-0,6251
2405696968;-0,6143
2405717170;-0,5899
2405737372;-0,5668
2405757574;-0,5524
2405777776;-0,5280
2405797978;-0,5059
2405818180;-0,4990
2405838382;-0,4836
2405858584;-0,4584
2405878786;-0,4454
2405898988;-0,4286
2405919190;-0,4044
2405939392;-0,3984
2405959594;-0,3719
2405979796;-0,3645
2405999998;-0,3467
