TSASCAN;01-06-2023;22:33:19;0;2404;2406;55,00;5,00;100;Logmag;dB;0;0
2404000000;-3,0660
2404020202;-3,0385
2404040404;-3,0261
2404060606;-2,9814
2404080808;-2,9820
2404101010;-2,9405
2404121212;-2,9299
2404141414;-2,8763
2404161616;-2,8450
2404181818;-2,8315
2404202020;-2,7895
2404222222;-2,7667
2404242424;-2,7512
2404262626;-2,7253
2404282828;-2,6932
2404303030;-2,6740
2404323232;-2,6433
2404343434;-2,6294
2404363636;-2,5831
2404383838;-2,5600
2404404040;-2,5293
2404424242;-2,5200
2404444444;-2,4852
2404464646;-2,4580
2404484848;-2,4477
2404505050;-2,4045
2404525252;-2,3762
2404545454;-2,3756
2404565656;-2,3475
2404585858;-2,3229
2404606060;-2,2873
2404626262;-2,2785
2404646464;-2,2322
2404666666;-2,2338
2404686868;-2,1974
2404707070;-2,1674
2404727272;-2,1311
2404747474;-2,1275
2404767676;-2,0972
2404787878;-2,0761
2404808080;-2,0524
2404828282;-2,0200
2404848484;-2,0020
2404868686;-1,9776
2404888888;-1,9542
2404909090;-1,9400
2404929292;-1,9058
2404949494;-1,8973
2404969696;-1,8518
2404989898;-1,8495
2405010100;-1,8153
2405030302;-1,7923
2405050504;-1,7665
2405070706;-1,7417
2405090908;-1,7380
2405111110;-1,7121
2405131312;-1,6864
2405151514;-1,6699
2405171716;-1,6487
2405191918;-1,6290
2405212120;-1,6000
2405232322;-1,5820
2405252524;-1,5515
2405272726;-1,5357
2405292928;-1,5158
2405313130;-1,4872
2405333332;-1,4684
2405353534;-1,4598
2405373736;-1,4406
2405393938;-1,4101
2405414140;-1,4024
2405434342;-1,3739
2405454544;-1,3496
2405474746;-1,3201
2405494948;-1,3056
2405515150;-1,2887
2405535352;-1,2724
2405555554;-1,2439
2405575756;-1,2431
2405595958;-1,2255
2405616160;-1,1946
2405636362;-1,1858
2405656564;-1,1736
2405676766;-1,1529
2405696968;-1,1348
2405717170;-1,1126
2405737372;-1,0896
2405757574;-1,0847
2405777776;-1,0596
2405797978;-1,0354
2405818180;-1,0216
2405838382;-1,0082
2405858584;-0,9983
2405878786;-0,9777
2405898988;-0,9695
2405919190;-0,9516
2405939392;-0,9353
2405959594;-0,9075
2405979796;-0,9028
2405999998;-0,8916
