TSASCAN;01-06-2023;21:00:47;0;2404;2406;55,00;5,00;100;Logmag;dB;0;0
2404000000;-2,5660
2404020202;-2,5717
2404040404;-2,5292
2404060606;-2,5032
2404080808;-2,4947
2404101010;-2,4566
2404121212;-2,4302
2404141414;-2,4176
2404161616;-2,3894
2404181818;-2,3622
2404202020;-2,3412
2404222222;-2,3292
2404242424;-2,2901
2404262626;-2,2628
2404282828;-2,2299
2404303030;-2,2317
2404323232;-2,2016
2404343434;-2,1680
2404363636;-2,1371
2404383838;-2,1283
2404404040;-2,1149
2404424242;-2,0732
2404444444;-2,0681
2404464646;-2,0503
2404484848;-2,0354
2404505050;-1,9961
2404525252;-1,9816
2404545454;-1,9588
2404565656;-1,9290
2404585858;-1,9175
2404606060;-1,8961
2404626262;-1,8690
2404646464;-1,8464
2404666666;-1,8237
2404686868;-1,8037
2404707070;-1,7701
2404727272;-1,7551
2404747474;-1,7265
2404767676;-1,7031
2404787878;-1,6978
2404808080;-1,6544
2404828282;-1,6521
2404848484;-1,6100
2404868686;-1,6016
2404888888;-1,5917
2404909090;-1,5715
2404929292;-1,5344
2404949494;-1,5209
2404969696;-1,5031
2404989898;-1,4727
2405010100;-1,4762
2405030302;-1,4564
2405050504;-1,4420
2405070706;-1,4084
2405090908;-1,3968
2405111110;-1,3791
2405131312;-1,3476
2405151514;-1,3261
2405171716;-1,3098
2405191918;-1,2887
2405212120;-1,2670
2405232322;-1,2670
2405252524;-1,2425
2405272726;-1,2242
2405292928;-1,2020
2405313130;-1,1780
2405333332;-1,1687
2405353534;-1,1557
2405373736;-1,1380
2405393938;-1,1282
2405414140;-1,1139
2405434342;-1,0819
2405454544;-1,0855
2405474746;-1,0560
2405494948;-1,0386
2405515150;-1,0261
2405535352;-1,0066
2405555554;-1,0031
2405575756;-0,9826
2405595958;-0,9575
2405616160;-0,9430
2405636362;-0,9356
2405656564;-0,9094
2405676766;-0,8988
2405696968;-0,8910
2405717170;-0,8801
2405737372;-0,8608
2405757574;-0,8408
2405777776;-0,8318
2405797978;-0,7985
2405818180;-0,7888
2405838382;-0,7780
2405858584;-0,7710
2405878786;-0,7583
2405898988;-0,7342
2405919190;-0,7160
2405939392;-0,7174
2405959594;-0,6917
2405979796;-0,7012
2405999998;-0,6695
