TSASCAN;01-06-2023;22:46:41;0;2404;2406;55,00;5,00;100;Logmag;dB;0;0
2404000000;-1,7989
2404020202;-1,7651
2404040404;-1,7527
2404060606;-1,7411
2404080808;-1,7070
2404101010;-1,6852
2404121212;-1,6632
2404141414;-1,6520
2404161616;-1,6148
2404181818;-1,6071
2404202020;-1,5971
2404222222;-1,5519
2404242424;-1,5504
2404262626;-1,5219
2404282828;-1,5071
2404303030;-1,4873
2404323232;-1,4555
2404343434;-1,4328
2404363636;-1,4224
2404383838;-1,4050
2404404040;-1,3692
2404424242;-1,3481
2404444444;-1,3268
2404464646;-1,3135
2404484848;-1,2896
2404505050;-1,2702
2404525252;-1,2617
2404545454;-1,2406
2404565656;-1,2246
2404585858;-1,2070
2404606060;-1,1753
2404626262;-1,1441
2404646464;-1,1240
2404666666;-1,1178
2404686868;-1,0859
2404707070;-1,0620
2404727272;-1,0449
2404747474;-1,0309
2404767676;-1,0090
2404787878;-1,0034
2404808080;-0,9727
2404828282;-0,9577
2404848484;-0,9300
2404868686;-0,9173
2404888888;-0,9035
2404909090;-0,8693
2404929292;-0,8622
2404949494;-0,8527
2404969696;-0,8297
2404989898;-0,7920
2405010100;-0,7927
2405030302;-0,7761
2405050504;-0,7454
2405070706;-0,7401
2405090908;-0,7132
2405111110;-0,6970
2405131312;-0,6751
2405151514;-0,6675
2405171716;-0,6358
2405191918;-0,6219
2405212120;-0,6109
2405232322;-0,5767
2405252524;-0,5608
2405272726;-0,5479
2405292928;-0,5316
2405313130;-0,5145
2405333332;-0,4975
2405353534;-0,4856
2405373736;-0,4554
2405393938;-0,4411
2405414140;-0,4266
2405434342;-0,4094
2405454544;-0,4017
2405474746;-0,3819
2405494948;-0,3574
2405515150;-0,3543
2405535352;-0,3399
2405555554;-0,3286
2405575756;-0,3068
2405595958;-0,2774
2405616160;-0,2651
2405636362;-0,2459
2405656564;-0,2442
2405676766;-0,2319
2405696968;-0,2081
2405717170;-0,1886
2405737372;-0,1689
2405757574;-0,1542
2405777776;-0,1391
2405797978;-0,1185
2405818180;-0,1137
2405838382;-0,0971
2405858584;-0,0797
2405878786;-0,0718
2405898988;-0,0531
2405919190;-0,0304
2405939392;-0,0349
2405959594;-0,0095
2405979796;0,0007
2405999998;0,0107
