TSASCAN;01-06-2023;20:59:56;0;2404;2406;55,00;5,00;100;Logmag;dB;0;0
2404000000;-0,2943
2404020202;-0,2746
2404040404;-0,2599
2404060606;-0,2188
2404080808;-0,2058
2404101010;-0,1779
2404121212;-0,1704
2404141414;-0,1500
2404161616;-0,1303
2404181818;-0,1164
2404202020;-0,1058
2404222222;-0,1039
2404242424;-0,0910
2404262626;-0,0780
2404282828;-0,0712
2404303030;-0,0679
2404323232;-0,0674
2404343434;-0,0458
2404363636;-0,0464
2404383838;-0,0306
2404404040;-0,0296
2404424242;-0,0016
2404444444;0,0058
2404464646;0,0419
2404484848;0,0377
2404505050;0,0723
2404525252;0,1039
2404545454;0,1267
2404565656;0,1418
2404585858;0,1752
2404606060;0,1981
2404626262;0,2090
2404646464;0,2255
2404666666;0,2501
2404686868;0,2663
2404707070;0,2840
2404727272;0,2894
2404747474;0,2961
2404767676;0,2970
2404787878;0,3003
2404808080;0,3202
2404828282;0,3241
2404848484;0,3300
2404868686;0,3275
2404888888;0,3449
2404909090;0,3562
2404929292;0,3758
2404949494;0,3965
2404969696;0,4164
2404989898;0,4375
2405010100;0,4566
2405030302;0,4785
2405050504;0,5023
2405070706;0,5257
2405090908;0,5434
2405111110;0,5651
2405131312;0,5930
2405151514;0,6049
2405171716;0,6321
2405191918;0,6491
2405212120;0,6454
2405232322;0,6650
2405252524;0,6626
2405272726;0,6771
2405292928;0,6789
2405313130;0,6913
2405333332;0,6982
2405353534;0,7098
2405373736;0,7144
2405393938;0,7418
2405414140;0,7713
2405434342;0,7880
2405454544;0,8029
2405474746;0,8255
2405494948;0,8448
2405515150;0,8702
2405535352;0,8859
2405555554;0,8999
2405575756;0,9029
2405595958;0,9239
2405616160;0,9328
2405636362;0,9531
2405656564;0,9572
2405676766;0,9582
2405696968;0,9757
2405717170;0,9776
2405737372;0,9786
2405757574;0,9965
2405777776;1,0027
2405797978;1,0062
2405818180;1,0268
2405838382;1,0425
2405858584;1,0612
2405878786;1,0681
2405898988;1,0800
2405919190;1,1058
2405939392;1,1219
2405959594;1,1535
2405979796;1,1676
2405999998;1,1784
