TSASCAN;01-06-2023;22:33:43;0;2404;2406;55,00;5,00;100;Logmag;dB;0;0
2404000000;0,0220
2404020202;0,0190
2404040404;0,0276
2404060606;0,0430
2404080808;0,0416
2404101010;0,0590
2404121212;0,0541
2404141414;0,0593
2404161616;0,0597
2404181818;0,0752
2404202020;0,0753
2404222222;0,0945
2404242424;0,1002
2404262626;0,1057
2404282828;0,1158
2404303030;0,1375
2404323232;0,1453
2404343434;0,1554
2404363636;0,1639
2404383838;0,1800
2404404040;0,1988
2404424242;0,1892
2404444444;0,2130
2404464646;0,2170
2404484848;0,2285
2404505050;0,2308
2404525252;0,2524
2404545454;0,2628
2404565656;0,2631
2404585858;0,2773
2404606060;0,2804
2404626262;0,2978
2404646464;0,3098
2404666666;0,3195
2404686868;0,3333
2404707070;0,3379
2404727272;0,3486
2404747474;0,3642
2404767676;0,3780
2404787878;0,3903
2404808080;0,3980
2404828282;0,4135
2404848484;0,4204
2404868686;0,4339
2404888888;0,4521
2404909090;0,4588
2404929292;0,4737
2404949494;0,4805
2404969696;0,4963
2404989898;0,5134
2405010100;0,5271
2405030302;0,5416
2405050504;0,5468
2405070706;0,5519
2405090908;0,5702
2405111110;0,5717
2405131312;0,5929
2405151514;0,6132
2405171716;0,6189
2405191918;0,6269
2405212120;0,6322
2405232322;0,6471
2405252524;0,6627
2405272726;0,6749
2405292928;0,6980
2405313130;0,7095
2405333332;0,7230
2405353534;0,7412
2405373736;0,7536
2405393938;0,7628
2405414140;0,7868
2405434342;0,7951
2405454544;0,7958
2405474746;0,8237
2405494948;0,8305
2405515150;0,8387
2405535352;0,8592
2405555554;0,8725
2405575756;0,8821
2405595958;0,9061
2405616160;0,9052
2405636362;0,9279
2405656564;0,9469
2405676766;0,9448
2405696968;0,9680
2405717170;0,9776
2405737372;0,9882
2405757574;1,0050
2405777776;1,0223
2405797978;1,0332
2405818180;1,0495
2405838382;1,0673
2405858584;1,0736
2405878786;1,0889
2405898988;1,1085
2405919190;1,1139
2405939392;1,1196
2405959594;1,1480
2405979796;1,1499
2405999998;1,1550
