TSASCAN;01-06-2023;20:51:14;0;2404;2406;55,00;5,00;100;Logmag;dB;0;0
2404000000;-3,1802
2404020202;-3,1465
2404040404;-3,1119
2404060606;-3,1169
2404080808;-3,0837
2404101010;-3,0735
2404121212;-3,0399
2404141414;-3,0270
2404161616;-3,0298
2404181818;-3,0033
2404202020;-2,9976
2404222222;-2,9981
2404242424;-3,0004
2404262626;-2,9740
2404282828;-2,9744
2404303030;-2,9666
2404323232;-2,9646
2404343434;-2,9369
2404363636;-2,9500
2404383838;-2,9352
2404404040;-2,9221
2404424242;-2,9009
2404444444;-2,8742
2404464646;-2,8591
2404484848;-2,8648
2404505050;-2,8293
2404525252;-2,8298
2404545454;-2,8161
2404565656;-2,8114
2404585858;-2,7847
2404606060;-2,7808
2404626262;-2,8100
2404646464;-2,7985
2404666666;-2,7894
2404686868;-2,7730
2404707070;-2,7629
2404727272;-2,7636
2404747474;-2,7397
2404767676;-2,7365
2404787878;-2,7312
2404808080;-2,7050
2404828282;-2,7110
2404848484;-2,7038
2404868686;-2,6914
2404888888;-2,6689
2404909090;-2,6639
2404929292;-2,6665
2404949494;-2,6583
2404969696;-2,6467
2404989898;-2,6558
2405010100;-2,6425
2405030302;-2,6422
2405050504;-2,6328
2405070706;-2,6431
2405090908;-2,6430
2405111110;-2,6307
2405131312;-2,6262
2405151514;-2,6133
2405171716;-2,6187
2405191918;-2,6041
2405212120;-2,5997
2405232322;-2,5864
2405252524;-2,5808
2405272726;-2,5643
2405292928;-2,5467
2405313130;-2,5509
2405333332;-2,5389
2405353534;-2,5415
2405373736;-2,5355
2405393938;-2,5154
2405414140;-2,5316
2405434342;-2,5292
2405454544;-2,5172
2405474746;-2,5111
2405494948;-2,5250
2405515150;-2,5144
2405535352;-2,5205
2405555554;-2,5396
2405575756;-2,5346
2405595958;-2,5211
2405616160;-2,5362
2405636362;-2,5401
2405656564;-2,5567
2405676766;-2,5407
2405696968;-2,5321
2405717170;-2,5500
2405737372;-2,5381
2405757574;-2,5420
2405777776;-2,5422
2405797978;-2,5612
2405818180;-2,5523
2405838382;-2,5420
2405858584;-2,5464
2405878786;-2,5407
2405898988;-2,5623
2405919190;-2,5544
2405939392;-2,5540
2405959594;-2,5543
2405979796;-2,5479
2405999998;-2,5610
