TSASCAN;01-06-2023;21:01:11;0;2404;2406;55,00;5,00;100;Logmag;dB;0;0
2404000000;1,1095
2404020202;1,1057
2404040404;1,1092
2404060606;1,0991
2404080808;1,1132
2404101010;1,1116
2404121212;1,1135
2404141414;1,1132
2404161616;1,1112
2404181818;1,1184
2404202020;1,1187
2404222222;1,1123
2404242424;1,1282
2404262626;1,1224
2404282828;1,1231
2404303030;1,1315
2404323232;1,1285
2404343434;1,1269
2404363636;1,1215
2404383838;1,1259
2404404040;1,1257
2404424242;1,1330
2404444444;1,1363
2404464646;1,1340
2404484848;1,1290
2404505050;1,1404
2404525252;1,1498
2404545454;1,1490
2404565656;1,1623
2404585858;1,1582
2404606060;1,1566
2404626262;1,1654
2404646464;1,1720
2404666666;1,1750
2404686868;1,1847
2404707070;1,1915
2404727272;1,1847
2404747474;1,1919
2404767676;1,2051
2404787878;1,2034
2404808080;1,2082
2404828282;1,2040
2404848484;1,2079
2404868686;1,2211
2404888888;1,2262
2404909090;1,2362
2404929292;1,2279
2404949494;1,2390
2404969696;1,2576
2404989898;1,2508
2405010100;1,2751
2405030302;1,2721
2405050504;1,2845
2405070706;1,2878
2405090908;1,2891
2405111110;1,3036
2405131312;1,3081
2405151514;1,3067
2405171716;1,3307
2405191918;1,3249
2405212120;1,3292
2405232322;1,3417
2405252524;1,3443
2405272726;1,3631
2405292928;1,3648
2405313130;1,3722
2405333332;1,3671
2405353534;1,3831
2405373736;1,4019
2405393938;1,4068
2405414140;1,4069
2405434342;1,4139
2405454544;1,4275
2405474746;1,4439
2405494948;1,4393
2405515150;1,4501
2405535352;1,4669
2405555554;1,4700
2405575756;1,4861
2405595958;1,4899
2405616160;1,4906
2405636362;1,5137
2405656564;1,5178
2405676766;1,5255
2405696968;1,5421
2405717170;1,5377
2405737372;1,5554
2405757574;1,5687
2405777776;1,5650
2405797978;1,5871
2405818180;1,6046
2405838382;1,6010
2405858584;1,6166
2405878786;1,6268
2405898988;1,6296
2405919190;1,6457
2405939392;1,6596
2405959594;1,6677
2405979796;1,6775
2405999998;1,6782
