TSASCAN;01-06-2023;22:43:26;0;2404;2406;55,00;5,00;100;Logmag;dB;0;0
2404000000;-4,4427
2404020202;-4,4505
2404040404;-4,4940
2404060606;-4,5107
2404080808;-4,5297
2404101010;-4,5764
2404121212;-4,5816
2404141414;-4,6165
2404161616;-4,6441
2404181818;-4,6678
2404202020;-4,6789
2404222222;-4,6910
2404242424;-4,7355
2404262626;-4,7643
2404282828;-4,7636
2404303030;-4,8123
2404323232;-4,8297
2404343434;-4,8330
2404363636;-4,8797
2404383838;-4,8992
2404404040;-4,8883
2404424242;-4,9204
2404444444;-4,9355
2404464646;-4,9650
2404484848;-4,9628
2404505050;-5,0169
2404525252;-5,0378
2404545454;-5,0212
2404565656;-5,0387
2404585858;-5,0643
2404606060;-5,0753
2404626262;-5,1059
2404646464;-5,1338
2404666666;-5,1471
2404686868;-5,1674
2404707070;-5,1809
2404727272;-5,1884
2404747474;-5,2183
2404767676;-5,2253
2404787878;-5,2358
2404808080;-5,2245
2404828282;-5,2652
2404848484;-5,2786
2404868686;-5,2883
2404888888;-5,3019
2404909090;-5,2909
2404929292;-5,3376
2404949494;-5,3237
2404969696;-5,3479
2404989898;-5,3448
2405010100;-5,3452
2405030302;-5,3641
2405050504;-5,3519
2405070706;-5,3833
2405090908;-5,3732
2405111110;-5,3830
2405131312;-5,3885
2405151514;-5,4038
2405171716;-5,3955
2405191918;-5,4037
2405212120;-5,4398
2405232322;-5,4306
2405252524;-5,4272
2405272726;-5,4174
2405292928;-5,4220
2405313130;-5,4376
2405333332;-5,4430
2405353534;-5,4332
2405373736;-5,4506
2405393938;-5,4632
2405414140;-5,4349
2405434342;-5,4467
2405454544;-5,4585
2405474746;-5,4327
2405494948;-5,4539
2405515150;-5,4465
2405535352;-5,4386
2405555554;-5,4459
2405575756;-5,4264
2405595958;-5,4335
2405616160;-5,4438
2405636362;-5,4520
2405656564;-5,4273
2405676766;-5,4303
2405696968;-5,4156
2405717170;-5,4199
2405737372;-5,4015
2405757574;-5,3769
2405777776;-5,3969
2405797978;-5,3865
2405818180;-5,3697
2405838382;-5,3545
2405858584;-5,3566
2405878786;-5,3575
2405898988;-5,3251
2405919190;-5,3333
2405939392;-5,3156
2405959594;-5,3238
2405979796;-5,3088
2405999998;-5,2731
