TSASCAN;01-06-2023;21:02:19;0;2404;2406;55,00;5,00;100;Logmag;dB;0;0
2404000000;-3,4081
2404020202;-3,4267
2404040404;-3,4555
2404060606;-3,5002
2404080808;-3,5204
2404101010;-3,5564
2404121212;-3,5835
2404141414;-3,6084
2404161616;-3,6409
2404181818;-3,6857
2404202020;-3,7197
2404222222;-3,7454
2404242424;-3,7634
2404262626;-3,8010
2404282828;-3,8283
2404303030;-3,8555
2404323232;-3,8824
2404343434;-3,9372
2404363636;-3,9646
2404383838;-3,9943
2404404040;-4,0238
2404424242;-4,0651
2404444444;-4,0799
2404464646;-4,1102
2404484848;-4,1435
2404505050;-4,1931
2404525252;-4,1929
2404545454;-4,2571
2404565656;-4,2742
2404585858;-4,2997
2404606060;-4,3391
2404626262;-4,3459
2404646464;-4,3669
2404666666;-4,3990
2404686868;-4,4191
2404707070;-4,4519
2404727272;-4,4732
2404747474;-4,4908
2404767676;-4,5249
2404787878;-4,5480
2404808080;-4,5901
2404828282;-4,6210
2404848484;-4,6497
2404868686;-4,6764
2404888888;-4,7075
2404909090;-4,7181
2404929292;-4,7563
2404949494;-4,7934
2404969696;-4,8074
2404989898;-4,8341
2405010100;-4,8529
2405030302;-4,8878
2405050504;-4,9293
2405070706;-4,9510
2405090908;-4,9483
2405111110;-4,9885
2405131312;-4,9737
2405151514;-5,0027
2405171716;-5,0203
2405191918;-5,0433
2405212120;-5,0726
2405232322;-5,0890
2405252524;-5,1004
2405272726;-5,1397
2405292928;-5,1452
2405313130;-5,1571
2405333332;-5,2001
2405353534;-5,2130
2405373736;-5,2241
2405393938;-5,2648
2405414140;-5,2564
2405434342;-5,2991
2405454544;-5,3180
2405474746;-5,3461
2405494948;-5,3430
2405515150;-5,3555
2405535352;-5,3665
2405555554;-5,3988
2405575756;-5,4161
2405595958;-5,4204
2405616160;-5,4455
2405636362;-5,4544
2405656564;-5,4576
2405676766;-5,4738
2405696968;-5,4801
2405717170;-5,4661
2405737372;-5,4838
2405757574;-5,4968
2405777776;-5,5375
2405797978;-5,5279
2405818180;-5,5475
2405838382;-5,5259
2405858584;-5,5688
2405878786;-5,5713
2405898988;-5,5880
2405919190;-5,5911
2405939392;-5,6106
2405959594;-5,6317
2405979796;-5,6217
2405999998;-5,6236
