TSASCAN;01-06-2023;22:34:07;0;2404;2406;55,00;5,00;100;Logmag;dB;0;0
2404000000;-3,3233
2404020202;-3,3502
2404040404;-3,3908
2404060606;-3,4390
2404080808;-3,4661
2404101010;-3,5002
2404121212;-3,5248
2404141414;-3,5602
2404161616;-3,6046
2404181818;-3,6261
2404202020;-3,6634
2404222222;-3,6991
2404242424;-3,7182
2404262626;-3,7449
2404282828;-3,7853
2404303030;-3,8214
2404323232;-3,8358
2404343434;-3,8904
2404363636;-3,9152
2404383838;-3,9596
2404404040;-3,9901
2404424242;-4,0238
2404444444;-4,0630
2404464646;-4,1044
2404484848;-4,1265
2404505050;-4,1556
2404525252;-4,2137
2404545454;-4,2330
2404565656;-4,2880
2404585858;-4,3155
2404606060;-4,3426
2404626262;-4,3851
2404646464;-4,3988
2404666666;-4,4459
2404686868;-4,4737
2404707070;-4,4992
2404727272;-4,5317
2404747474;-4,5816
2404767676;-4,6092
2404787878;-4,6462
2404808080;-4,6696
2404828282;-4,6882
2404848484;-4,7412
2404868686;-4,7830
2404888888;-4,8122
2404909090;-4,8493
2404929292;-4,8818
2404949494;-4,9167
2404969696;-4,9527
2404989898;-4,9777
2405010100;-5,0388
2405030302;-5,0498
2405050504;-5,0844
2405070706;-5,1383
2405090908;-5,1821
2405111110;-5,1847
2405131312;-5,2322
2405151514;-5,2537
2405171716;-5,3040
2405191918;-5,3476
2405212120;-5,3362
2405232322;-5,3993
2405252524;-5,4100
2405272726;-5,4658
2405292928;-5,4983
2405313130;-5,5275
2405333332;-5,5415
2405353534;-5,5863
2405373736;-5,6181
2405393938;-5,6763
2405414140;-5,7032
2405434342;-5,7248
2405454544;-5,7615
2405474746;-5,7907
2405494948;-5,8399
2405515150;-5,8491
2405535352;-5,9051
2405555554;-5,9422
2405575756;-5,9783
2405595958;-6,0030
2405616160;-6,0285
2405636362;-6,0442
2405656564;-6,1029
2405676766;-6,1204
2405696968;-6,1598
2405717170;-6,1660
2405737372;-6,2074
2405757574;-6,2308
2405777776;-6,2743
2405797978;-6,2867
2405818180;-6,3120
2405838382;-6,3547
2405858584;-6,3713
2405878786;-6,3975
2405898988;-6,4370
2405919190;-6,4792
2405939392;-6,4695
2405959594;-6,5300
2405979796;-6,5404
2405999998;-6,5884
