TSASCAN;01-06-2023;21:01:33;0;2404;2406;55,00;5,00;100;Logmag;dB;0;0
2404000000;-2,4668
2404020202;-2,4540
2404040404;-2,4651
2404060606;-2,4698
2404080808;-2,4861
2404101010;-2,5106
2404121212;-2,5052
2404141414;-2,5368
2404161616;-2,5494
2404181818;-2,5408
2404202020;-2,5707
2404222222;-2,5860
2404242424;-2,6085
2404262626;-2,6193
2404282828;-2,6411
2404303030;-2,6580
2404323232;-2,6752
2404343434;-2,6781
2404363636;-2,7066
2404383838;-2,7073
2404404040;-2,7169
2404424242;-2,7406
2404444444;-2,7430
2404464646;-2,7415
2404484848;-2,7770
2404505050;-2,7702
2404525252;-2,7865
2404545454;-2,8055
2404565656;-2,7917
2404585858;-2,8132
2404606060;-2,8276
2404626262;-2,8511
2404646464;-2,8355
2404666666;-2,8747
2404686868;-2,8664
2404707070;-2,9048
2404727272;-2,8900
2404747474;-2,9173
2404767676;-2,9305
2404787878;-2,9558
2404808080;-2,9718
2404828282;-2,9798
2404848484;-3,0124
2404868686;-3,0022
2404888888;-3,0384
2404909090;-3,0462
2404929292;-3,0626
2404949494;-3,0889
2404969696;-3,0813
2404989898;-3,0944
2405010100;-3,1246
2405030302;-3,1196
2405050504;-3,1353
2405070706;-3,1451
2405090908;-3,1528
2405111110;-3,1630
2405131312;-3,1963
2405151514;-3,2040
2405171716;-3,2168
2405191918;-3,2260
2405212120;-3,2424
2405232322;-3,2422
2405252524;-3,2570
2405272726;-3,2952
2405292928;-3,2953
2405313130;-3,3112
2405333332;-3,3277
2405353534;-3,3517
2405373736;-3,3653
2405393938;-3,3820
2405414140;-3,3938
2405434342;-3,4278
2405454544;-3,4317
2405474746;-3,4529
2405494948;-3,4530
2405515150;-3,4803
2405535352;-3,4835
2405555554;-3,4946
2405575756;-3,5131
2405595958;-3,5182
2405616160;-3,5508
2405636362;-3,5657
2405656564;-3,5706
2405676766;-3,5954
2405696968;-3,5976
2405717170;-3,6310
2405737372;-3,6430
2405757574;-3,6645
2405777776;-3,6870
2405797978;-3,7014
2405818180;-3,7234
2405838382;-3,7517
2405858584;-3,7639
2405878786;-3,7923
2405898988;-3,8002
2405919190;-3,8058
2405939392;-3,8306
2405959594;-3,8321
2405979796;-3,8451
2405999998;-3,8797
