TSASCAN;01-06-2023;22:42:50;0;2404;2406;55,00;5,00;100;Logmag;dB;0;0
2404000000;-3,0056
2404020202;-3,0053
2404040404;-3,0004
2404060606;-3,0082
2404080808;-2,9827
2404101010;-2,9860
2404121212;-2,9900
2404141414;-2,9819
2404161616;-2,9685
2404181818;-2,9500
2404202020;-2,9665
2404222222;-2,9356
2404242424;-2,9557
2404262626;-2,9557
2404282828;-2,9305
2404303030;-2,9252
2404323232;-2,9159
2404343434;-2,9080
2404363636;-2,9272
2404383838;-2,9073
2404404040;-2,9132
2404424242;-2,9044
2404444444;-2,8944
2404464646;-2,8854
2404484848;-2,8736
2404505050;-2,8808
2404525252;-2,8910
2404545454;-2,8679
2404565656;-2,8601
2404585858;-2,8604
2404606060;-2,8702
2404626262;-2,8581
2404646464;-2,8481
2404666666;-2,8510
2404686868;-2,8445
2404707070;-2,8350
2404727272;-2,8423
2404747474;-2,8423
2404767676;-2,8230
2404787878;-2,8447
2404808080;-2,8335
2404828282;-2,8332
2404848484;-2,8232
2404868686;-2,8154
2404888888;-2,8244
2404909090;-2,8100
2404929292;-2,8135
2404949494;-2,7940
2404969696;-2,8021
2404989898;-2,7910
2405010100;-2,7918
2405030302;-2,8094
2405050504;-2,7931
2405070706;-2,8056
2405090908;-2,7890
2405111110;-2,7982
2405131312;-2,7842
2405151514;-2,8014
2405171716;-2,7878
2405191918;-2,7887
2405212120;-2,7787
2405232322;-2,7766
2405252524;-2,7829
2405272726;-2,7803
2405292928;-2,7834
2405313130;-2,7917
2405333332;-2,7735
2405353534;-2,7859
2405373736;-2,7781
2405393938;-2,7717
2405414140;-2,7675
2405434342;-2,7951
2405454544;-2,7885
2405474746;-2,7845
2405494948;-2,7800
2405515150;-2,7746
2405535352;-2,7835
2405555554;-2,7878
2405575756;-2,7805
2405595958;-2,7813
2405616160;-2,7748
2405636362;-2,8021
2405656564;-2,8015
2405676766;-2,8045
2405696968;-2,7823
2405717170;-2,8056
2405737372;-2,7945
2405757574;-2,7937
2405777776;-2,7978
2405797978;-2,8115
2405818180;-2,8087
2405838382;-2,8146
2405858584;-2,8010
2405878786;-2,8254
2405898988;-2,8203
2405919190;-2,8115
2405939392;-2,8393
2405959594;-2,8146
2405979796;-2,8311
2405999998;-2,8273
