TSASCAN;01-06-2023;21:03:00;0;2404;2406;55,00;5,00;100;Logmag;dB;0;0
2404000000;-3,2658
2404020202;-3,2669
2404040404;-3,2534
2404060606;-3,2171
2404080808;-3,1973
2404101010;-3,1813
2404121212;-3,1558
2404141414;-3,1369
2404161616;-3,1107
2404181818;-3,1121
2404202020;-3,0767
2404222222;-3,0655
2404242424;-3,0612
2404262626;-3,0320
2404282828;-3,0304
2404303030;-3,0030
2404323232;-2,9878
2404343434;-2,9687
2404363636;-2,9500
2404383838;-2,9302
2404404040;-2,9235
2404424242;-2,9012
2404444444;-2,8733
2404464646;-2,8646
2404484848;-2,8648
2404505050;-2,8324
2404525252;-2,8139
2404545454;-2,8141
2404565656;-2,7949
2404585858;-2,7737
2404606060;-2,7636
2404626262;-2,7630
2404646464;-2,7217
2404666666;-2,7134
2404686868;-2,7065
2404707070;-2,6964
2404727272;-2,6810
2404747474;-2,6483
2404767676;-2,6344
2404787878;-2,6372
2404808080;-2,6236
2404828282;-2,6076
2404848484;-2,5992
2404868686;-2,5899
2404888888;-2,5612
2404909090;-2,5432
2404929292;-2,5351
2404949494;-2,5256
2404969696;-2,5168
2404989898;-2,4969
2405010100;-2,4917
2405030302;-2,4739
2405050504;-2,4540
2405070706;-2,4678
2405090908;-2,4340
2405111110;-2,4189
2405131312;-2,4325
2405151514;-2,4030
2405171716;-2,3822
2405191918;-2,3976
2405212120;-2,3756
2405232322;-2,3673
2405252524;-2,3352
2405272726;-2,3335
2405292928;-2,3207
2405313130;-2,3191
2405333332;-2,3070
2405353534;-2,3026
2405373736;-2,2772
2405393938;-2,2810
2405414140;-2,2682
2405434342;-2,2622
2405454544;-2,2440
2405474746;-2,2405
2405494948;-2,2289
2405515150;-2,2139
2405535352;-2,2104
2405555554;-2,1973
2405575756;-2,1954
2405595958;-2,1927
2405616160;-2,1799
2405636362;-2,1707
2405656564;-2,1604
2405676766;-2,1495
2405696968;-2,1528
2405717170;-2,1466
2405737372;-2,1274
2405757574;-2,1293
2405777776;-2,1257
2405797978;-2,1045
2405818180;-2,1085
2405838382;-2,1095
2405858584;-2,0855
2405878786;-2,0814
2405898988;-2,0798
2405919190;-2,0726
2405939392;-2,0594
2405959594;-2,0703
2405979796;-2,0688
2405999998;-2,0385
