TSASCAN;01-06-2023;22:34:35;0;2404;2406;55,00;5,00;100;Logmag;dB;0;0
2404000000;-4,6523
2404020202;-4,6067
2404040404;-4,5903
2404060606;-4,5318
2404080808;-4,5048
2404101010;-4,4936
2404121212;-4,4516
2404141414;-4,4179
2404161616;-4,3912
2404181818;-4,3473
2404202020;-4,3125
2404222222;-4,2800
2404242424;-4,2480
2404262626;-4,2265
2404282828;-4,1749
2404303030;-4,1439
2404323232;-4,1115
2404343434;-4,0814
2404363636;-4,0453
2404383838;-4,0180
2404404040;-3,9782
2404424242;-3,9696
2404444444;-3,9222
2404464646;-3,8926
2404484848;-3,8796
2404505050;-3,8309
2404525252;-3,8222
2404545454;-3,7717
2404565656;-3,7500
2404585858;-3,7238
2404606060;-3,6962
2404626262;-3,6588
2404646464;-3,6258
2404666666;-3,5924
2404686868;-3,5963
2404707070;-3,5447
2404727272;-3,5352
2404747474;-3,4922
2404767676;-3,4807
2404787878;-3,4334
2404808080;-3,4210
2404828282;-3,3941
2404848484;-3,3684
2404868686;-3,3512
2404888888;-3,3062
2404909090;-3,2936
2404929292;-3,2700
2404949494;-3,2439
2404969696;-3,2044
2404989898;-3,1800
2405010100;-3,1677
2405030302;-3,1313
2405050504;-3,1199
2405070706;-3,0891
2405090908;-3,0631
2405111110;-3,0364
2405131312;-3,0134
2405151514;-2,9924
2405171716;-2,9922
2405191918;-2,9486
2405212120;-2,9227
2405232322;-2,9245
2405252524;-2,8934
2405272726;-2,8587
2405292928;-2,8425
2405313130;-2,8179
2405333332;-2,7926
2405353534;-2,7678
2405373736;-2,7684
2405393938;-2,7516
2405414140;-2,7241
2405434342;-2,7116
2405454544;-2,6909
2405474746;-2,6659
2405494948;-2,6423
2405515150;-2,6246
2405535352;-2,6062
2405555554;-2,5935
2405575756;-2,5632
2405595958;-2,5592
2405616160;-2,5361
2405636362;-2,5021
2405656564;-2,4856
2405676766;-2,4759
2405696968;-2,4450
2405717170;-2,4422
2405737372;-2,4264
2405757574;-2,4179
2405777776;-2,4047
2405797978;-2,3671
2405818180;-2,3627
2405838382;-2,3550
2405858584;-2,3137
2405878786;-2,2957
2405898988;-2,2954
2405919190;-2,2863
2405939392;-2,2529
2405959594;-2,2398
2405979796;-2,2217
2405999998;-2,2113
