TSASCAN;01-06-2023;21:01:55;0;2404;2406;55,00;5,00;100;Logmag;dB;0;0
2404000000;-5,9780
2404020202;-5,9869
2404040404;-5,9309
2404060606;-5,8800
2404080808;-5,8539
2404101010;-5,7994
2404121212;-5,7629
2404141414;-5,7401
2404161616;-5,7167
2404181818;-5,6457
2404202020;-5,6129
2404222222;-5,5876
2404242424;-5,5451
2404262626;-5,4996
2404282828;-5,4569
2404303030;-5,4019
2404323232;-5,3763
2404343434;-5,3253
2404363636;-5,2845
2404383838;-5,2596
2404404040;-5,1959
2404424242;-5,1633
2404444444;-5,1377
2404464646;-5,0839
2404484848;-5,0697
2404505050;-5,0233
2404525252;-5,0266
2404545454;-4,9795
2404565656;-4,9270
2404585858;-4,9021
2404606060;-4,8973
2404626262;-4,8459
2404646464;-4,8265
2404666666;-4,8064
2404686868;-4,7537
2404707070;-4,7160
2404727272;-4,6765
2404747474;-4,6508
2404767676;-4,6091
2404787878;-4,5956
2404808080;-4,5540
2404828282;-4,5106
2404848484;-4,4766
2404868686;-4,4397
2404888888;-4,4271
2404909090;-4,3748
2404929292;-4,3566
2404949494;-4,3220
2404969696;-4,2938
2404989898;-4,2836
2405010100;-4,2327
2405030302;-4,2365
2405050504;-4,2033
2405070706;-4,1602
2405090908;-4,1459
2405111110;-4,1116
2405131312;-4,0903
2405151514;-4,0558
2405171716;-4,0266
2405191918;-3,9926
2405212120;-3,9628
2405232322;-3,9585
2405252524;-3,9071
2405272726;-3,9015
2405292928;-3,8765
2405313130;-3,8394
2405333332;-3,8128
2405353534;-3,7997
2405373736;-3,7522
2405393938;-3,7424
2405414140;-3,7080
2405434342;-3,6843
2405454544;-3,6714
2405474746;-3,6490
2405494948;-3,6391
2405515150;-3,5949
2405535352;-3,5742
2405555554;-3,5653
2405575756;-3,5330
2405595958;-3,5304
2405616160;-3,5010
2405636362;-3,4626
2405656564;-3,4348
2405676766;-3,4214
2405696968;-3,4096
2405717170;-3,3727
2405737372;-3,3520
2405757574;-3,3284
2405777776;-3,3066
2405797978;-3,2908
2405818180;-3,2691
2405838382;-3,2662
2405858584;-3,2253
2405878786;-3,2306
2405898988;-3,1921
2405919190;-3,1982
2405939392;-3,1652
2405959594;-3,1458
2405979796;-3,1440
2405999998;-3,1170
