TSASCAN;01-06-2023;22:42:21;0;2404;2406;55,00;5,00;100;Logmag;dB;0;0
2404000000;-10,1038
2404020202;-10,0901
2404040404;-10,0241
2404060606;-9,9301
2404080808;-9,8877
2404101010;-9,8389
2404121212;-9,7508
2404141414;-9,6907
2404161616;-9,6482
2404181818;-9,5848
2404202020;-9,5166
2404222222;-9,4834
2404242424;-9,4064
2404262626;-9,3729
2404282828;-9,2812
2404303030;-9,2390
2404323232;-9,1898
2404343434;-9,1328
2404363636;-9,0772
2404383838;-9,0109
2404404040;-8,9630
2404424242;-8,9201
2404444444;-8,8494
2404464646;-8,7794
2404484848;-8,7490
2404505050;-8,6964
2404525252;-8,6266
2404545454;-8,5717
2404565656;-8,5229
2404585858;-8,4702
2404606060;-8,4108
2404626262;-8,3670
2404646464;-8,2924
2404666666;-8,2812
2404686868;-8,2289
2404707070;-8,2023
2404727272;-8,1021
2404747474;-8,0634
2404767676;-8,0125
2404787878;-7,9853
2404808080;-7,9535
2404828282;-7,9029
2404848484;-7,8473
2404868686;-7,7963
2404888888;-7,7463
2404909090;-7,6815
2404929292;-7,6245
2404949494;-7,6047
2404969696;-7,5381
2404989898;-7,5080
2405010100;-7,4476
2405030302;-7,4132
2405050504;-7,3381
2405070706;-7,3041
2405090908;-7,2857
2405111110;-7,2380
2405131312;-7,1763
2405151514;-7,1631
2405171716;-7,0850
2405191918;-7,0521
2405212120;-7,0217
2405232322;-6,9816
2405252524;-6,9181
2405272726;-6,9196
2405292928;-6,8528
2405313130;-6,8309
2405333332;-6,7924
2405353534;-6,7304
2405373736;-6,6853
2405393938;-6,6376
2405414140;-6,6382
2405434342;-6,5950
2405454544;-6,5408
2405474746;-6,5169
2405494948;-6,4672
2405515150;-6,4267
2405535352;-6,4210
2405555554;-6,3715
2405575756;-6,3352
2405595958;-6,3167
2405616160;-6,2809
2405636362;-6,2365
2405656564;-6,1872
2405676766;-6,1725
2405696968;-6,1352
2405717170;-6,0867
2405737372;-6,0541
2405757574;-6,0364
2405777776;-5,9969
2405797978;-5,9784
2405818180;-5,9212
2405838382;-5,9026
2405858584;-5,8880
2405878786;-5,8403
2405898988;-5,8266
2405919190;-5,7554
2405939392;-5,7631
2405959594;-5,7157
2405979796;-5,6783
2405999998;-5,6390
