TSASCAN;01-06-2023;22:31:44;0;2404;2406;55,00;5,00;100;Logmag;dB;0;0
2404000000;-3,1653
2404020202;-3,1341
2404040404;-3,1172
2404060606;-3,0944
2404080808;-3,0811
2404101010;-3,0525
2404121212;-3,0266
2404141414;-3,0034
2404161616;-2,9787
2404181818;-2,9529
2404202020;-2,9399
2404222222;-2,9297
2404242424;-2,8984
2404262626;-2,9019
2404282828;-2,8552
2404303030;-2,8681
2404323232;-2,8239
2404343434;-2,8260
2404363636;-2,7976
2404383838;-2,7905
2404404040;-2,7431
2404424242;-2,7499
2404444444;-2,7145
2404464646;-2,7072
2404484848;-2,7030
2404505050;-2,6812
2404525252;-2,6664
2404545454;-2,6405
2404565656;-2,6302
2404585858;-2,6143
2404606060;-2,5852
2404626262;-2,5835
2404646464;-2,5641
2404666666;-2,5582
2404686868;-2,5145
2404707070;-2,5345
2404727272;-2,5082
2404747474;-2,4971
2404767676;-2,4671
2404787878;-2,4749
2404808080;-2,4475
2404828282;-2,4387
2404848484;-2,4318
2404868686;-2,4015
2404888888;-2,3863
2404909090;-2,3938
2404929292;-2,3741
2404949494;-2,3441
2404969696;-2,3528
2404989898;-2,3480
2405010100;-2,3225
2405030302;-2,3186
2405050504;-2,2955
2405070706;-2,3041
2405090908;-2,2768
2405111110;-2,2787
2405131312;-2,2660
2405151514;-2,2674
2405171716;-2,2382
2405191918;-2,2317
2405212120;-2,2180
2405232322;-2,2214
2405252524;-2,2117
2405272726;-2,1942
2405292928;-2,1929
2405313130;-2,1861
2405333332;-2,1750
2405353534;-2,1601
2405373736;-2,1465
2405393938;-2,1577
2405414140;-2,1426
2405434342;-2,1506
2405454544;-2,1246
2405474746;-2,1190
2405494948;-2,1301
2405515150;-2,1264
2405535352;-2,1110
2405555554;-2,1050
2405575756;-2,1047
2405595958;-2,0961
2405616160;-2,0761
2405636362;-2,0846
2405656564;-2,0746
2405676766;-2,0831
2405696968;-2,0646
2405717170;-2,0685
2405737372;-2,0535
2405757574;-2,0605
2405777776;-2,0455
2405797978;-2,0445
2405818180;-2,0390
2405838382;-2,0325
2405858584;-2,0488
2405878786;-2,0268
2405898988;-2,0557
2405919190;-2,0346
2405939392;-2,0315
2405959594;-2,0252
2405979796;-2,0353
2405999998;-2,0361
