TSASCAN;01-06-2023;21:03:22;0;2404;2406;55,00;5,00;100;Logmag;dB;0;0
2404000000;-11,0267
2404020202;-11,0000
2404040404;-10,9807
2404060606;-10,9450
2404080808;-10,8914
2404101010;-10,8666
2404121212;-10,8125
2404141414;-10,8062
2404161616;-10,7967
2404181818;-10,7237
2404202020;-10,7352
2404222222;-10,6552
2404242424;-10,6151
2404262626;-10,6216
2404282828;-10,5717
2404303030;-10,5401
2404323232;-10,5049
2404343434;-10,4483
2404363636;-10,4186
2404383838;-10,3805
2404404040;-10,3053
2404424242;-10,3277
2404444444;-10,2280
2404464646;-10,2396
2404484848;-10,1760
2404505050;-10,1285
2404525252;-10,0695
2404545454;-10,0638
2404565656;-9,9926
2404585858;-9,9662
2404606060;-9,8994
2404626262;-9,8606
2404646464;-9,8566
2404666666;-9,7603
2404686868;-9,7369
2404707070;-9,6921
2404727272;-9,6599
2404747474;-9,5907
2404767676;-9,5483
2404787878;-9,4998
2404808080;-9,4906
2404828282;-9,4492
2404848484;-9,3725
2404868686;-9,3545
2404888888;-9,2892
2404909090;-9,2244
2404929292;-9,1844
2404949494;-9,1716
2404969696;-9,1138
2404989898;-9,0772
2405010100;-8,9878
2405030302;-8,9567
2405050504;-8,9200
2405070706;-8,8675
2405090908;-8,8469
2405111110;-8,8074
2405131312;-8,7310
2405151514;-8,6698
2405171716;-8,6304
2405191918;-8,5994
2405212120;-8,5678
2405232322;-8,5187
2405252524;-8,4740
2405272726;-8,4532
2405292928;-8,3896
2405313130;-8,3716
2405333332;-8,3178
2405353534;-8,2806
2405373736;-8,2259
2405393938;-8,1908
2405414140;-8,1205
2405434342;-8,0691
2405454544;-8,0596
2405474746;-8,0104
2405494948;-7,9476
2405515150;-7,9297
2405535352;-7,8728
2405555554;-7,8377
2405575756;-7,7886
2405595958;-7,7340
2405616160;-7,6729
2405636362;-7,6406
2405656564;-7,6050
2405676766;-7,5442
2405696968;-7,5413
2405717170;-7,5112
2405737372;-7,4488
2405757574;-7,4133
2405777776;-7,3630
2405797978;-7,3457
2405818180;-7,2857
2405838382;-7,2666
2405858584;-7,2250
2405878786;-7,1668
2405898988;-7,1309
2405919190;-7,0791
2405939392;-7,0544
2405959594;-7,0130
2405979796;-6,9915
2405999998;-6,9578
