TSASCAN;01-06-2023;22:35:04;0;2404;2406;55,00;5,00;100;Logmag;dB;0;0
2404000000;-14,1987
2404020202;-14,1458
2404040404;-14,2812
2404060606;-14,3479
2404080808;-14,3879
2404101010;-14,4882
2404121212;-14,5750
2404141414;-14,5845
2404161616;-14,7461
2404181818;-14,7073
2404202020;-14,7390
2404222222;-14,8759
2404242424;-14,9503
2404262626;-14,9878
2404282828;-15,0321
2404303030;-15,1055
2404323232;-15,1632
2404343434;-15,2192
2404363636;-15,2555
2404383838;-15,2493
2404404040;-15,3191
2404424242;-15,3148
2404444444;-15,4457
2404464646;-15,3729
2404484848;-15,4698
2404505050;-15,5155
2404525252;-15,4902
2404545454;-15,4968
2404565656;-15,5630
2404585858;-15,5368
2404606060;-15,6739
2404626262;-15,7037
2404646464;-15,6460
2404666666;-15,6829
2404686868;-15,6941
2404707070;-15,6932
2404727272;-15,6491
2404747474;-15,6880
2404767676;-15,6984
2404787878;-15,7132
2404808080;-15,6760
2404828282;-15,6365
2404848484;-15,6086
2404868686;-15,6056
2404888888;-15,6107
2404909090;-15,5910
2404929292;-15,5200
2404949494;-15,5394
2404969696;-15,5010
2404989898;-15,5005
2405010100;-15,4357
2405030302;-15,3983
2405050504;-15,4037
2405070706;-15,3221
2405090908;-15,2182
2405111110;-15,2862
2405131312;-15,2393
2405151514;-15,1596
2405171716;-15,0922
2405191918;-15,0717
2405212120;-14,9709
2405232322;-14,9391
2405252524;-14,9001
2405272726;-14,8006
2405292928;-14,8143
2405313130;-14,7296
2405333332;-14,6780
2405353534;-14,6006
2405373736;-14,5997
2405393938;-14,5074
2405414140;-14,4653
2405434342;-14,3603
2405454544;-14,2836
2405474746;-14,2495
2405494948;-14,1534
2405515150;-14,1255
2405535352;-14,0710
2405555554;-13,9967
2405575756;-13,8828
2405595958;-13,8654
2405616160;-13,8676
2405636362;-13,7401
2405656564;-13,6605
2405676766;-13,5892
2405696968;-13,5562
2405717170;-13,5141
2405737372;-13,3987
2405757574;-13,3004
2405777776;-13,2323
2405797978;-13,2333
2405818180;-13,1507
2405838382;-13,0870
2405858584;-12,9778
2405878786;-12,9380
2405898988;-12,8427
2405919190;-12,8520
2405939392;-12,7870
2405959594;-12,6692
2405979796;-12,6044
2405999998;-12,5518
