TSASCAN;01-06-2023;21:04:27;0;2404;2406;55,00;5,00;100;Logmag;dB;0;0
2404000000;-7,3774
2404020202;-7,3549
2404040404;-7,3638
2404060606;-7,2970
2404080808;-7,2794
2404101010;-7,2260
2404121212;-7,1699
2404141414;-7,1545
2404161616;-7,1070
2404181818;-7,0317
2404202020;-6,9617
2404222222;-6,9197
2404242424;-6,8757
2404262626;-6,8454
2404282828;-6,8003
2404303030;-6,7453
2404323232;-6,7238
2404343434;-6,7204
2404363636;-6,7127
2404383838;-6,6783
2404404040;-6,6888
2404424242;-6,6748
2404444444;-6,6544
2404464646;-6,6702
2404484848;-6,6417
2404505050;-6,6173
2404525252;-6,6194
2404545454;-6,5725
2404565656;-6,5460
2404585858;-6,5367
2404606060;-6,4789
2404626262;-6,4400
2404646464;-6,4191
2404666666;-6,3664
2404686868;-6,3174
2404707070;-6,2769
2404727272;-6,2474
2404747474;-6,2132
2404767676;-6,1802
2404787878;-6,1382
2404808080;-6,1115
2404828282;-6,0978
2404848484;-6,1165
2404868686;-6,0980
2404888888;-6,0893
2404909090;-6,0727
2404929292;-6,0607
2404949494;-6,0529
2404969696;-6,0519
2404989898;-6,0538
2405010100;-6,0218
2405030302;-6,0066
2405050504;-5,9872
2405070706;-5,9549
2405090908;-5,9300
2405111110;-5,8936
2405131312;-5,8635
2405151514;-5,8594
2405171716;-5,8022
2405191918;-5,7667
2405212120;-5,7358
2405232322;-5,7321
2405252524;-5,6913
2405272726;-5,6742
2405292928;-5,6351
2405313130;-5,6525
2405333332;-5,6493
2405353534;-5,6402
2405373736;-5,6280
2405393938;-5,6037
2405414140;-5,6134
2405434342;-5,6043
2405454544;-5,5943
2405474746;-5,5966
2405494948;-5,5901
2405515150;-5,5663
2405535352;-5,5603
2405555554;-5,5290
2405575756;-5,5138
2405595958;-5,4840
2405616160;-5,4883
2405636362;-5,4431
2405656564;-5,4471
2405676766;-5,3973
2405696968;-5,4004
2405717170;-5,3556
2405737372;-5,3230
2405757574;-5,3344
2405777776;-5,3009
2405797978;-5,3055
2405818180;-5,2888
2405838382;-5,2964
2405858584;-5,3030
2405878786;-5,3089
2405898988;-5,3060
2405919190;-5,2790
2405939392;-5,2996
2405959594;-5,2865
2405979796;-5,2902
2405999998;-5,2845
