TSASCAN;01-06-2023;22:41:55;0;2404;2406;55,00;5,00;100;Logmag;dB;0;0
2404000000;-7,0168
2404020202;-6,9803
2404040404;-6,9306
2404060606;-6,9056
2404080808;-6,8732
2404101010;-6,8140
2404121212;-6,7773
2404141414;-6,7240
2404161616;-6,7257
2404181818;-6,6553
2404202020;-6,6250
2404222222;-6,5813
2404242424;-6,5671
2404262626;-6,5215
2404282828;-6,4722
2404303030;-6,4281
2404323232;-6,4160
2404343434;-6,3628
2404363636;-6,3172
2404383838;-6,2760
2404404040;-6,2338
2404424242;-6,2095
2404444444;-6,1466
2404464646;-6,1461
2404484848;-6,0838
2404505050;-6,0695
2404525252;-6,0195
2404545454;-6,0113
2404565656;-5,9480
2404585858;-5,9439
2404606060;-5,9093
2404626262;-5,8692
2404646464;-5,8420
2404666666;-5,7991
2404686868;-5,7607
2404707070;-5,7132
2404727272;-5,7180
2404747474;-5,6640
2404767676;-5,6471
2404787878;-5,6227
2404808080;-5,5726
2404828282;-5,5511
2404848484;-5,5197
2404868686;-5,4956
2404888888;-5,4570
2404909090;-5,4349
2404929292;-5,3943
2404949494;-5,4030
2404969696;-5,3485
2404989898;-5,3193
2405010100;-5,3108
2405030302;-5,2639
2405050504;-5,2536
2405070706;-5,2143
2405090908;-5,1866
2405111110;-5,1579
2405131312;-5,1509
2405151514;-5,1089
2405171716;-5,1023
2405191918;-5,0476
2405212120;-5,0484
2405232322;-5,0024
2405252524;-4,9800
2405272726;-4,9718
2405292928;-4,9365
2405313130;-4,9156
2405333332;-4,8998
2405353534;-4,8799
2405373736;-4,8575
2405393938;-4,8294
2405414140;-4,8272
2405434342;-4,7822
2405454544;-4,7681
2405474746;-4,7364
2405494948;-4,7163
2405515150;-4,7013
2405535352;-4,6758
2405555554;-4,6373
2405575756;-4,6323
2405595958;-4,5966
2405616160;-4,5829
2405636362;-4,5817
2405656564;-4,5383
2405676766;-4,5215
2405696968;-4,5094
2405717170;-4,5105
2405737372;-4,4985
2405757574;-4,4888
2405777776;-4,4449
2405797978;-4,4441
2405818180;-4,4226
2405838382;-4,4280
2405858584;-4,3999
2405878786;-4,3788
2405898988;-4,3686
2405919190;-4,3363
2405939392;-4,3396
2405959594;-4,2980
2405979796;-4,2752
2405999998;-4,2573
