TSASCAN;01-06-2023;21:03:44;0;2404;2406;55,00;5,00;100;Logmag;dB;0;0
2404000000;-7,9323
2404020202;-7,8857
2404040404;-7,8346
2404060606;-7,7557
2404080808;-7,7423
2404101010;-7,6722
2404121212;-7,6280
2404141414;-7,5448
2404161616;-7,5028
2404181818;-7,4494
2404202020;-7,3987
2404222222;-7,3429
2404242424;-7,2852
2404262626;-7,2433
2404282828;-7,2082
2404303030;-7,1759
2404323232;-7,1024
2404343434;-7,0714
2404363636;-6,9986
2404383838;-6,9519
2404404040;-6,9211
2404424242;-6,8963
2404444444;-6,8381
2404464646;-6,7687
2404484848;-6,7577
2404505050;-6,6905
2404525252;-6,6566
2404545454;-6,6134
2404565656;-6,5573
2404585858;-6,5366
2404606060;-6,4666
2404626262;-6,4313
2404646464;-6,4177
2404666666;-6,3545
2404686868;-6,3282
2404707070;-6,2955
2404727272;-6,2513
2404747474;-6,1857
2404767676;-6,1450
2404787878;-6,1183
2404808080;-6,0904
2404828282;-6,0586
2404848484;-5,9956
2404868686;-5,9462
2404888888;-5,9308
2404909090;-5,8849
2404929292;-5,8508
2404949494;-5,8041
2404969696;-5,7704
2404989898;-5,7323
2405010100;-5,6988
2405030302;-5,6717
2405050504;-5,6171
2405070706;-5,5881
2405090908;-5,5653
2405111110;-5,5436
2405131312;-5,4874
2405151514;-5,4414
2405171716;-5,4358
2405191918;-5,3957
2405212120;-5,3503
2405232322;-5,3294
2405252524;-5,2898
2405272726;-5,2558
2405292928;-5,2455
2405313130;-5,1894
2405333332;-5,1778
2405353534;-5,1313
2405373736;-5,1113
2405393938;-5,0838
2405414140;-5,0394
2405434342;-5,0089
2405454544;-4,9970
2405474746;-4,9643
2405494948;-4,9388
2405515150;-4,9053
2405535352;-4,8570
2405555554;-4,8430
2405575756;-4,8243
2405595958;-4,7839
2405616160;-4,7759
2405636362;-4,7184
2405656564;-4,7053
2405676766;-4,6723
2405696968;-4,6580
2405717170;-4,6280
2405737372;-4,5903
2405757574;-4,5585
2405777776;-4,5473
2405797978;-4,5223
2405818180;-4,4930
2405838382;-4,4766
2405858584;-4,4461
2405878786;-4,4324
2405898988;-4,3996
2405919190;-4,3764
2405939392;-4,3612
2405959594;-4,3099
2405979796;-4,3119
2405999998;-4,2880
