TSASCAN;01-06-2023;22:36:01;0;2404;2406;55,00;5,00;100;Logmag;dB;0;0
2404000000;-9,8300
2404020202;-9,8072
2404040404;-9,7253
2404060606;-9,6756
2404080808;-9,6181
2404101010;-9,5825
2404121212;-9,5040
2404141414;-9,4711
2404161616;-9,4274
2404181818;-9,3850
2404202020;-9,3481
2404222222;-9,2662
2404242424;-9,2357
2404262626;-9,1868
2404282828;-9,1122
2404303030;-9,0846
2404323232;-8,9923
2404343434;-8,9687
2404363636;-8,9104
2404383838;-8,8798
2404404040;-8,8425
2404424242;-8,7616
2404444444;-8,7246
2404464646;-8,6771
2404484848;-8,6355
2404505050;-8,6140
2404525252;-8,5426
2404545454;-8,5315
2404565656;-8,4890
2404585858;-8,4402
2404606060;-8,3723
2404626262;-8,3301
2404646464;-8,2834
2404666666;-8,2772
2404686868;-8,1940
2404707070;-8,1798
2404727272;-8,1376
2404747474;-8,0944
2404767676;-8,0720
2404787878;-8,0290
2404808080;-8,0055
2404828282;-7,9389
2404848484;-7,9047
2404868686;-7,8640
2404888888;-7,8264
2404909090;-7,7945
2404929292;-7,7953
2404949494;-7,7222
2404969696;-7,7334
2404989898;-7,6774
2405010100;-7,6205
2405030302;-7,6259
2405050504;-7,5656
2405070706;-7,5392
2405090908;-7,5054
2405111110;-7,4688
2405131312;-7,4360
2405151514;-7,4003
2405171716;-7,3628
2405191918;-7,3464
2405212120;-7,2888
2405232322;-7,3008
2405252524;-7,2362
2405272726;-7,2342
2405292928;-7,1787
2405313130;-7,1688
2405333332;-7,1428
2405353534;-7,1206
2405373736;-7,0805
2405393938;-7,0530
2405414140;-7,0146
2405434342;-6,9976
2405454544;-6,9943
2405474746;-6,9333
2405494948;-6,9160
2405515150;-6,9047
2405535352;-6,8807
2405555554;-6,8212
2405575756;-6,8059
2405595958;-6,7998
2405616160;-6,7904
2405636362;-6,7626
2405656564;-6,7073
2405676766;-6,7080
2405696968;-6,6943
2405717170;-6,6474
2405737372;-6,6314
2405757574;-6,6360
2405777776;-6,5814
2405797978;-6,5571
2405818180;-6,5325
2405838382;-6,4947
2405858584;-6,5175
2405878786;-6,4721
2405898988;-6,4389
2405919190;-6,4280
2405939392;-6,4045
2405959594;-6,3854
2405979796;-6,3587
2405999998;-6,3278
