TSASCAN;01-06-2023;21:05:20;0;2404;2406;55,00;5,00;100;Logmag;dB;0;0
2404000000;-11,1962
2404020202;-11,1489
2404040404;-11,0213
2404060606;-10,9794
2404080808;-10,9329
2404101010;-10,8416
2404121212;-10,7661
2404141414;-10,6852
2404161616;-10,6337
2404181818;-10,5906
2404202020;-10,5475
2404222222;-10,4548
2404242424;-10,3921
2404262626;-10,2845
2404282828;-10,2622
2404303030;-10,2207
2404323232;-10,1422
2404343434;-10,0746
2404363636;-10,0165
2404383838;-9,9645
2404404040;-9,8506
2404424242;-9,7910
2404444444;-9,7485
2404464646;-9,6987
2404484848;-9,6462
2404505050;-9,5302
2404525252;-9,4754
2404545454;-9,4163
2404565656;-9,3695
2404585858;-9,3020
2404606060;-9,2688
2404626262;-9,1923
2404646464;-9,1514
2404666666;-9,0932
2404686868;-9,0227
2404707070;-8,9397
2404727272;-8,9366
2404747474;-8,8642
2404767676;-8,7809
2404787878;-8,7336
2404808080;-8,7101
2404828282;-8,6165
2404848484;-8,5598
2404868686;-8,5377
2404888888;-8,4595
2404909090;-8,4441
2404929292;-8,3938
2404949494;-8,3270
2404969696;-8,2646
2404989898;-8,2542
2405010100;-8,1854
2405030302;-8,1053
2405050504;-8,0524
2405070706;-8,0310
2405090908;-7,9941
2405111110;-7,9416
2405131312;-7,8605
2405151514;-7,8341
2405171716;-7,7679
2405191918;-7,7227
2405212120;-7,6872
2405232322;-7,6334
2405252524;-7,5841
2405272726;-7,5773
2405292928;-7,4987
2405313130;-7,4574
2405333332;-7,4272
2405353534;-7,3917
2405373736;-7,3340
2405393938;-7,3145
2405414140;-7,2400
2405434342;-7,2222
2405454544;-7,1986
2405474746;-7,1233
2405494948;-7,0798
2405515150;-7,0472
2405535352;-6,9953
2405555554;-6,9549
2405575756;-6,9079
2405595958;-6,8929
2405616160;-6,8342
2405636362;-6,7964
2405656564;-6,7578
2405676766;-6,7246
2405696968;-6,6864
2405717170;-6,6567
2405737372;-6,6386
2405757574;-6,5691
2405777776;-6,5307
2405797978;-6,5075
2405818180;-6,4904
2405838382;-6,4424
2405858584;-6,4132
2405878786;-6,3728
2405898988;-6,3204
2405919190;-6,2953
2405939392;-6,2727
2405959594;-6,2530
2405979796;-6,2185
2405999998;-6,1814
