TSASCAN;01-06-2023;22:41:33;0;2404;2406;55,00;5,00;100;Logmag;dB;0;0
2404000000;-14,8604
2404020202;-14,7637
2404040404;-14,6805
2404060606;-14,6496
2404080808;-14,5239
2404101010;-14,4620
2404121212;-14,3681
2404141414;-14,2840
2404161616;-14,1306
2404181818;-14,0886
2404202020;-14,0203
2404222222;-13,9785
2404242424;-13,8086
2404262626;-13,7373
2404282828;-13,6303
2404303030;-13,6129
2404323232;-13,4721
2404343434;-13,3776
2404363636;-13,2703
2404383838;-13,2601
2404404040;-13,1971
2404424242;-13,0409
2404444444;-13,0372
2404464646;-12,8764
2404484848;-12,7765
2404505050;-12,7139
2404525252;-12,6068
2404545454;-12,6313
2404565656;-12,4798
2404585858;-12,4069
2404606060;-12,3290
2404626262;-12,2764
2404646464;-12,1883
2404666666;-12,0731
2404686868;-11,9852
2404707070;-11,9726
2404727272;-11,8845
2404747474;-11,8301
2404767676;-11,7434
2404787878;-11,6117
2404808080;-11,5522
2404828282;-11,4801
2404848484;-11,3871
2404868686;-11,3406
2404888888;-11,3285
2404909090;-11,1997
2404929292;-11,1753
2404949494;-11,0564
2404969696;-10,9790
2404989898;-10,9345
2405010100;-10,8925
2405030302;-10,7987
2405050504;-10,7440
2405070706;-10,6495
2405090908;-10,6249
2405111110;-10,5166
2405131312;-10,4985
2405151514;-10,4096
2405171716;-10,3299
2405191918;-10,3018
2405212120;-10,2338
2405232322;-10,2027
2405252524;-10,0814
2405272726;-10,0695
2405292928;-9,9995
2405313130;-9,9407
2405333332;-9,8334
2405353534;-9,8374
2405373736;-9,7518
2405393938;-9,7204
2405414140;-9,6702
2405434342;-9,6145
2405454544;-9,5263
2405474746;-9,4442
2405494948;-9,4443
2405515150;-9,3747
2405535352;-9,3082
2405555554;-9,2817
2405575756;-9,2235
2405595958;-9,1478
2405616160;-9,1299
2405636362;-9,0652
2405656564;-9,0020
2405676766;-8,9401
2405696968;-8,9198
2405717170;-8,8562
2405737372;-8,8395
2405757574;-8,7440
2405777776;-8,7350
2405797978;-8,6650
2405818180;-8,6205
2405838382;-8,6109
2405858584;-8,5283
2405878786;-8,4998
2405898988;-8,4425
2405919190;-8,4124
2405939392;-8,3558
2405959594;-8,3105
2405979796;-8,2531
2405999998;-8,2139
