TSASCAN;01-06-2023;21:04:08;0;2404;2406;55,00;5,00;100;Logmag;dB;0;0
2404000000;-4,6997
2404020202;-4,6689
2404040404;-4,6557
2404060606;-4,6417
2404080808;-4,6012
2404101010;-4,5555
2404121212;-4,5541
2404141414;-4,5115
2404161616;-4,4853
2404181818;-4,4664
2404202020;-4,4209
2404222222;-4,4099
2404242424;-4,3741
2404262626;-4,3288
2404282828;-4,3192
2404303030;-4,3024
2404323232;-4,2501
2404343434;-4,2180
2404363636;-4,1760
2404383838;-4,1676
2404404040;-4,1372
2404424242;-4,0765
2404444444;-4,0678
2404464646;-4,0562
2404484848;-4,0120
2404505050;-3,9839
2404525252;-3,9767
2404545454;-3,9402
2404565656;-3,8968
2404585858;-3,8691
2404606060;-3,8421
2404626262;-3,8438
2404646464;-3,7928
2404666666;-3,7662
2404686868;-3,7546
2404707070;-3,7125
2404727272;-3,6857
2404747474;-3,6499
2404767676;-3,6288
2404787878;-3,5904
2404808080;-3,5639
2404828282;-3,5297
2404848484;-3,5020
2404868686;-3,4933
2404888888;-3,4543
2404909090;-3,4240
2404929292;-3,4166
2404949494;-3,3891
2404969696;-3,3588
2404989898;-3,3508
2405010100;-3,3135
2405030302;-3,2638
2405050504;-3,2703
2405070706;-3,2292
2405090908;-3,2117
2405111110;-3,1747
2405131312;-3,1449
2405151514;-3,1316
2405171716;-3,0886
2405191918;-3,0628
2405212120;-3,0510
2405232322;-3,0115
2405252524;-2,9909
2405272726;-2,9536
2405292928;-2,9339
2405313130;-2,9141
2405333332;-2,8859
2405353534;-2,8728
2405373736;-2,8544
2405393938;-2,8187
2405414140;-2,7891
2405434342;-2,7661
2405454544;-2,7555
2405474746;-2,7148
2405494948;-2,6946
2405515150;-2,6703
2405535352;-2,6499
2405555554;-2,6284
2405575756;-2,6164
2405595958;-2,5862
2405616160;-2,5643
2405636362;-2,5346
2405656564;-2,5142
2405676766;-2,4846
2405696968;-2,4593
2405717170;-2,4550
2405737372;-2,4240
2405757574;-2,4040
2405777776;-2,3743
2405797978;-2,3555
2405818180;-2,3430
2405838382;-2,3095
2405858584;-2,2949
2405878786;-2,2540
2405898988;-2,2549
2405919190;-2,2292
2405939392;-2,2110
2405959594;-2,1833
2405979796;-2,1724
2405999998;-2,1525
