TSASCAN;01-06-2023;22:40:15;0;2404;2406;55,00;5,00;100;Logmag;dB;0;0
2404000000;-6,5723
2404020202;-6,5240
2404040404;-6,4911
2404060606;-6,4602
2404080808;-6,4284
2404101010;-6,3975
2404121212;-6,3767
2404141414;-6,3451
2404161616;-6,3199
2404181818;-6,2970
2404202020;-6,2696
2404222222;-6,2225
2404242424;-6,1976
2404262626;-6,1987
2404282828;-6,1539
2404303030;-6,1347
2404323232;-6,1284
2404343434;-6,0852
2404363636;-6,0362
2404383838;-6,0252
2404404040;-5,9919
2404424242;-5,9655
2404444444;-5,9131
2404464646;-5,9077
2404484848;-5,8457
2404505050;-5,8434
2404525252;-5,8123
2404545454;-5,7758
2404565656;-5,7530
2404585858;-5,7233
2404606060;-5,6755
2404626262;-5,6611
2404646464;-5,6150
2404666666;-5,6068
2404686868;-5,5704
2404707070;-5,5410
2404727272;-5,5118
2404747474;-5,4699
2404767676;-5,4560
2404787878;-5,4090
2404808080;-5,3879
2404828282;-5,3579
2404848484;-5,3291
2404868686;-5,2889
2404888888;-5,2749
2404909090;-5,2325
2404929292;-5,1896
2404949494;-5,1640
2404969696;-5,1559
2404989898;-5,0918
2405010100;-5,0933
2405030302;-5,0448
2405050504;-5,0064
2405070706;-4,9878
2405090908;-4,9555
2405111110;-4,9286
2405131312;-4,9022
2405151514;-4,8560
2405171716;-4,8380
2405191918;-4,8058
2405212120;-4,7989
2405232322;-4,7411
2405252524;-4,7203
2405272726;-4,6972
2405292928;-4,6722
2405313130;-4,6410
2405333332;-4,6092
2405353534;-4,5829
2405373736;-4,5545
2405393938;-4,5071
2405414140;-4,4796
2405434342;-4,4624
2405454544;-4,4281
2405474746;-4,4078
2405494948;-4,3575
2405515150;-4,3550
2405535352;-4,3186
2405555554;-4,2874
2405575756;-4,2491
2405595958;-4,2233
2405616160;-4,2100
2405636362;-4,1823
2405656564;-4,1605
2405676766;-4,1355
2405696968;-4,1107
2405717170;-4,0878
2405737372;-4,0593
2405757574;-4,0242
2405777776;-4,0004
2405797978;-3,9921
2405818180;-3,9457
2405838382;-3,9370
2405858584;-3,8929
2405878786;-3,8649
2405898988;-3,8320
2405919190;-3,8009
2405939392;-3,7889
2405959594;-3,7540
2405979796;-3,7316
2405999998;-3,6996
