TSASCAN;01-06-2023;20:49:24;0;2404;2406;55,00;5,00;100;Logmag;dB;0;0
2404000000;-2,8836
2404020202;-2,8597
2404040404;-2,8485
2404060606;-2,8053
2404080808;-2,7899
2404101010;-2,7564
2404121212;-2,7288
2404141414;-2,7123
2404161616;-2,6708
2404181818;-2,6557
2404202020;-2,6122
2404222222;-2,5787
2404242424;-2,5532
2404262626;-2,5285
2404282828;-2,5247
2404303030;-2,4826
2404323232;-2,4517
2404343434;-2,4492
2404363636;-2,4121
2404383838;-2,4091
2404404040;-2,3743
2404424242;-2,3557
2404444444;-2,3249
2404464646;-2,3292
2404484848;-2,3011
2404505050;-2,2737
2404525252;-2,2562
2404545454;-2,2388
2404565656;-2,2325
2404585858;-2,1921
2404606060;-2,1792
2404626262;-2,1656
2404646464;-2,1597
2404666666;-2,1320
2404686868;-2,1089
2404707070;-2,0941
2404727272;-2,0728
2404747474;-2,0607
2404767676;-2,0464
2404787878;-2,0198
2404808080;-2,0140
2404828282;-1,9809
2404848484;-1,9973
2404868686;-1,9670
2404888888;-1,9558
2404909090;-1,9418
2404929292;-1,9194
2404949494;-1,8966
2404969696;-1,8936
2404989898;-1,8410
2405010100;-1,8240
2405030302;-1,8152
2405050504;-1,7831
2405070706;-1,7650
2405090908;-1,7608
2405111110;-1,7346
2405131312;-1,7282
2405151514;-1,6970
2405171716;-1,6921
2405191918;-1,6802
2405212120;-1,6694
2405232322;-1,6463
2405252524;-1,6504
2405272726;-1,6151
2405292928;-1,6014
2405313130;-1,5888
2405333332;-1,5870
2405353534;-1,5717
2405373736;-1,5579
2405393938;-1,5578
2405414140;-1,5248
2405434342;-1,5250
2405454544;-1,5121
2405474746;-1,4898
2405494948;-1,4841
2405515150;-1,4869
2405535352;-1,4771
2405555554;-1,4551
2405575756;-1,4500
2405595958;-1,4448
2405616160;-1,4243
2405636362;-1,4246
2405656564;-1,4144
2405676766;-1,3849
2405696968;-1,3980
2405717170;-1,3756
2405737372;-1,3733
2405757574;-1,3624
2405777776;-1,3637
2405797978;-1,3565
2405818180;-1,3303
2405838382;-1,3316
2405858584;-1,3223
2405878786;-1,3081
2405898988;-1,2994
2405919190;-1,3035
2405939392;-1,2880
2405959594;-1,2807
2405979796;-1,2691
2405999998;-1,2689
