TSASCAN;01-06-2023;21:05:42;0;2404;2406;55,00;5,00;100;Logmag;dB;0;0
2404000000;-3,7755
2404020202;-3,7430
2404040404;-3,7016
2404060606;-3,6756
2404080808;-3,6449
2404101010;-3,6334
2404121212;-3,6216
2404141414;-3,5834
2404161616;-3,5480
2404181818;-3,5307
2404202020;-3,5067
2404222222;-3,4656
2404242424;-3,4434
2404262626;-3,4259
2404282828;-3,3857
2404303030;-3,3810
2404323232;-3,3327
2404343434;-3,3058
2404363636;-3,3075
2404383838;-3,2589
2404404040;-3,2344
2404424242;-3,2091
2404444444;-3,1888
2404464646;-3,1485
2404484848;-3,1151
2404505050;-3,1034
2404525252;-3,0700
2404545454;-3,0400
2404565656;-3,0132
2404585858;-2,9968
2404606060;-2,9617
2404626262;-2,9429
2404646464;-2,9351
2404666666;-2,9085
2404686868;-2,8760
2404707070;-2,8439
2404727272;-2,8146
2404747474;-2,8167
2404767676;-2,7721
2404787878;-2,7391
2404808080;-2,7427
2404828282;-2,7115
2404848484;-2,6742
2404868686;-2,6536
2404888888;-2,6190
2404909090;-2,6080
2404929292;-2,5815
2404949494;-2,5567
2404969696;-2,5315
2404989898;-2,5246
2405010100;-2,4787
2405030302;-2,4670
2405050504;-2,4408
2405070706;-2,4065
2405090908;-2,4022
2405111110;-2,3748
2405131312;-2,3580
2405151514;-2,3291
2405171716;-2,2967
2405191918;-2,2813
2405212120;-2,2767
2405232322;-2,2367
2405252524;-2,2251
2405272726;-2,1860
2405292928;-2,1742
2405313130;-2,1460
2405333332;-2,1268
2405353534;-2,1172
2405373736;-2,0889
2405393938;-2,0805
2405414140;-2,0464
2405434342;-2,0240
2405454544;-1,9971
2405474746;-1,9826
2405494948;-1,9680
2405515150;-1,9469
2405535352;-1,9152
2405555554;-1,8971
2405575756;-1,8764
2405595958;-1,8750
2405616160;-1,8451
2405636362;-1,8293
2405656564;-1,8089
2405676766;-1,7884
2405696968;-1,7706
2405717170;-1,7529
2405737372;-1,7254
2405757574;-1,7079
2405777776;-1,6770
2405797978;-1,6609
2405818180;-1,6462
2405838382;-1,6175
2405858584;-1,6108
2405878786;-1,5746
2405898988;-1,5550
2405919190;-1,5356
2405939392;-1,5245
2405959594;-1,5178
2405979796;-1,4899
2405999998;-1,4793
