TSASCAN;01-06-2023;22:30:40;0;2404;2406;55,00;5,00;100;Logmag;dB;0;0
2404000000;-4,3615
2404020202;-4,3143
2404040404;-4,2628
2404060606;-4,2615
2404080808;-4,2170
2404101010;-4,1701
2404121212;-4,1493
2404141414;-4,1313
2404161616;-4,0953
2404181818;-4,0462
2404202020;-4,0283
2404222222;-3,9835
2404242424;-3,9748
2404262626;-3,9267
2404282828;-3,8905
2404303030;-3,8531
2404323232;-3,8489
2404343434;-3,8109
2404363636;-3,7864
2404383838;-3,7458
2404404040;-3,7167
2404424242;-3,6909
2404444444;-3,6529
2404464646;-3,6357
2404484848;-3,6002
2404505050;-3,5625
2404525252;-3,5484
2404545454;-3,5106
2404565656;-3,4948
2404585858;-3,4700
2404606060;-3,4575
2404626262;-3,4294
2404646464;-3,3981
2404666666;-3,3737
2404686868;-3,3364
2404707070;-3,3074
2404727272;-3,3029
2404747474;-3,2700
2404767676;-3,2252
2404787878;-3,2197
2404808080;-3,1857
2404828282;-3,1668
2404848484;-3,1309
2404868686;-3,1250
2404888888;-3,0894
2404909090;-3,0697
2404929292;-3,0625
2404949494;-3,0419
2404969696;-3,0205
2404989898;-2,9874
2405010100;-2,9652
2405030302;-2,9377
2405050504;-2,9189
2405070706;-2,8983
2405090908;-2,8927
2405111110;-2,8755
2405131312;-2,8401
2405151514;-2,8245
2405171716;-2,8190
2405191918;-2,7836
2405212120;-2,7697
2405232322;-2,7322
2405252524;-2,7149
2405272726;-2,7106
2405292928;-2,6802
2405313130;-2,6725
2405333332;-2,6574
2405353534;-2,6256
2405373736;-2,6292
2405393938;-2,5968
2405414140;-2,5981
2405434342;-2,5736
2405454544;-2,5653
2405474746;-2,5299
2405494948;-2,5087
2405515150;-2,5189
2405535352;-2,4967
2405555554;-2,4626
2405575756;-2,4573
2405595958;-2,4403
2405616160;-2,4383
2405636362;-2,4242
2405656564;-2,3937
2405676766;-2,3976
2405696968;-2,3692
2405717170;-2,3638
2405737372;-2,3532
2405757574;-2,3481
2405777776;-2,3306
2405797978;-2,3144
2405818180;-2,2957
2405838382;-2,2754
2405858584;-2,2807
2405878786;-2,2586
2405898988;-2,2577
2405919190;-2,2373
2405939392;-2,2274
2405959594;-2,2256
2405979796;-2,2062
2405999998;-2,1904
