TSASCAN;01-06-2023;20:51:36;0;2404;2406;55,00;5,00;100;Logmag;dB;0;0
2404000000;-5,7095
2404020202;-5,6813
2404040404;-5,6522
2404060606;-5,5822
2404080808;-5,5414
2404101010;-5,5107
2404121212;-5,4675
2404141414;-5,4160
2404161616;-5,3658
2404181818;-5,3397
2404202020;-5,3090
2404222222;-5,2777
2404242424;-5,2202
2404262626;-5,1883
2404282828;-5,1493
2404303030;-5,1126
2404323232;-5,1031
2404343434;-5,0577
2404363636;-5,0107
2404383838;-4,9864
2404404040;-4,9398
2404424242;-4,9097
2404444444;-4,8804
2404464646;-4,8532
2404484848;-4,8056
2404505050;-4,7614
2404525252;-4,7290
2404545454;-4,7162
2404565656;-4,6475
2404585858;-4,6496
2404606060;-4,5892
2404626262;-4,5515
2404646464;-4,5317
2404666666;-4,5027
2404686868;-4,4572
2404707070;-4,4176
2404727272;-4,4042
2404747474;-4,3644
2404767676;-4,3388
2404787878;-4,3177
2404808080;-4,2690
2404828282;-4,2554
2404848484;-4,2066
2404868686;-4,2176
2404888888;-4,1659
2404909090;-4,1470
2404929292;-4,1305
2404949494;-4,0934
2404969696;-4,0498
2404989898;-4,0405
2405010100;-4,0224
2405030302;-3,9891
2405050504;-3,9487
2405070706;-3,9184
2405090908;-3,9038
2405111110;-3,8720
2405131312;-3,8469
2405151514;-3,8232
2405171716;-3,7791
2405191918;-3,7778
2405212120;-3,7549
2405232322;-3,7128
2405252524;-3,6810
2405272726;-3,6652
2405292928;-3,6560
2405313130;-3,6337
2405333332;-3,6204
2405353534;-3,5944
2405373736;-3,5546
2405393938;-3,5468
2405414140;-3,5435
2405434342;-3,5156
2405454544;-3,4883
2405474746;-3,4679
2405494948;-3,4574
2405515150;-3,4414
2405535352;-3,4080
2405555554;-3,3947
2405575756;-3,3793
2405595958;-3,3571
2405616160;-3,3428
2405636362;-3,3106
2405656564;-3,2905
2405676766;-3,2811
2405696968;-3,2641
2405717170;-3,2226
2405737372;-3,2210
2405757574;-3,2001
2405777776;-3,1843
2405797978;-3,1986
2405818180;-3,1748
2405838382;-3,1442
2405858584;-3,1413
2405878786;-3,1096
2405898988;-3,1096
2405919190;-3,0879
2405939392;-3,0759
2405959594;-3,0752
2405979796;-3,0510
2405999998;-3,0351
