TSASCAN;01-06-2023;22:32:22;0;2404;2406;55,00;5,00;100;Logmag;dB;0;0
2404000000;-7,9902
2404020202;-7,9575
2404040404;-7,8756
2404060606;-7,8759
2404080808;-7,8075
2404101010;-7,7529
2404121212;-7,7104
2404141414;-7,6602
2404161616;-7,5861
2404181818;-7,5581
2404202020;-7,5267
2404222222;-7,4576
2404242424;-7,4212
2404262626;-7,3364
2404282828;-7,2811
2404303030;-7,2532
2404323232;-7,1851
2404343434;-7,1824
2404363636;-7,0928
2404383838;-7,0835
2404404040;-7,0093
2404424242;-6,9566
2404444444;-6,9642
2404464646;-6,8932
2404484848;-6,8571
2404505050;-6,7908
2404525252;-6,7722
2404545454;-6,6938
2404565656;-6,6895
2404585858;-6,6639
2404606060;-6,6129
2404626262;-6,5688
2404646464;-6,5523
2404666666;-6,4813
2404686868;-6,4536
2404707070;-6,4118
2404727272;-6,3923
2404747474;-6,3520
2404767676;-6,3034
2404787878;-6,2664
2404808080;-6,2300
2404828282;-6,1891
2404848484;-6,1628
2404868686;-6,1469
2404888888;-6,1039
2404909090;-6,0699
2404929292;-6,0419
2404949494;-6,0098
2404969696;-5,9814
2404989898;-5,9650
2405010100;-5,9028
2405030302;-5,8682
2405050504;-5,8484
2405070706;-5,8254
2405090908;-5,7916
2405111110;-5,7493
2405131312;-5,7166
2405151514;-5,7224
2405171716;-5,6924
2405191918;-5,6499
2405212120;-5,6326
2405232322;-5,5898
2405252524;-5,5998
2405272726;-5,5573
2405292928;-5,5291
2405313130;-5,5013
2405333332;-5,4647
2405353534;-5,4493
2405373736;-5,4313
2405393938;-5,3993
2405414140;-5,3637
2405434342;-5,3557
2405454544;-5,3281
2405474746;-5,3172
2405494948;-5,2799
2405515150;-5,2620
2405535352;-5,2226
2405555554;-5,2072
2405575756;-5,1810
2405595958;-5,1666
2405616160;-5,1293
2405636362;-5,1144
2405656564;-5,1163
2405676766;-5,0729
2405696968;-5,0767
2405717170;-5,0387
2405737372;-5,0204
2405757574;-5,0048
2405777776;-4,9732
2405797978;-4,9578
2405818180;-4,9361
2405838382;-4,9271
2405858584;-4,8947
2405878786;-4,9085
2405898988;-4,8978
2405919190;-4,8630
2405939392;-4,8473
2405959594;-4,8487
2405979796;-4,8181
2405999998;-4,8155
