TSASCAN;01-06-2023;20:50:48;0;2404;2406;55,00;5,00;100;Logmag;dB;0;0
2404000000;-5,4758
2404020202;-5,4788
2404040404;-5,4182
2404060606;-5,3944
2404080808;-5,3388
2404101010;-5,3082
2404121212;-5,2824
2404141414;-5,2613
2404161616;-5,2288
2404181818;-5,1731
2404202020;-5,1552
2404222222;-5,1012
2404242424;-5,0959
2404262626;-5,0543
2404282828;-5,0065
2404303030;-4,9778
2404323232;-4,9658
2404343434;-4,9150
2404363636;-4,8987
2404383838;-4,8678
2404404040;-4,8275
2404424242;-4,7969
2404444444;-4,7868
2404464646;-4,7279
2404484848;-4,7130
2404505050;-4,6996
2404525252;-4,6605
2404545454;-4,6183
2404565656;-4,5983
2404585858;-4,5809
2404606060;-4,5527
2404626262;-4,5141
2404646464;-4,4864
2404666666;-4,4754
2404686868;-4,4486
2404707070;-4,4257
2404727272;-4,3859
2404747474;-4,3761
2404767676;-4,3421
2404787878;-4,3064
2404808080;-4,3087
2404828282;-4,2862
2404848484;-4,2390
2404868686;-4,2198
2404888888;-4,2117
2404909090;-4,1627
2404929292;-4,1738
2404949494;-4,1383
2404969696;-4,1248
2404989898;-4,0979
2405010100;-4,0533
2405030302;-4,0465
2405050504;-4,0284
2405070706;-3,9974
2405090908;-3,9778
2405111110;-3,9688
2405131312;-3,9460
2405151514;-3,9179
2405171716;-3,9312
2405191918;-3,9020
2405212120;-3,8879
2405232322;-3,8614
2405252524;-3,8453
2405272726;-3,8323
2405292928;-3,8177
2405313130;-3,8190
2405333332;-3,7891
2405353534;-3,7729
2405373736;-3,7632
2405393938;-3,7209
2405414140;-3,7234
2405434342;-3,7042
2405454544;-3,6944
2405474746;-3,6706
2405494948;-3,6719
2405515150;-3,6398
2405535352;-3,6467
2405555554;-3,6107
2405575756;-3,6105
2405595958;-3,5960
2405616160;-3,5812
2405636362;-3,5713
2405656564;-3,5606
2405676766;-3,5534
2405696968;-3,5278
2405717170;-3,5153
2405737372;-3,5041
2405757574;-3,4951
2405777776;-3,4827
2405797978;-3,4741
2405818180;-3,4445
2405838382;-3,4342
2405858584;-3,4386
2405878786;-3,4080
2405898988;-3,4030
2405919190;-3,4126
2405939392;-3,3777
2405959594;-3,3794
2405979796;-3,3836
2405999998;-3,3624
