TSASCAN;01-06-2023;22:47:56;0;2404;2406;55,00;5,00;100;Logmag;dB;0;0
2404000000;-3,9057
2404020202;-3,8706
2404040404;-3,8464
2404060606;-3,8106
2404080808;-3,7881
2404101010;-3,7479
2404121212;-3,7152
2404141414;-3,7026
2404161616;-3,6768
2404181818;-3,6199
2404202020;-3,6001
2404222222;-3,5749
2404242424;-3,5417
2404262626;-3,5227
2404282828;-3,5068
2404303030;-3,4502
2404323232;-3,4469
2404343434;-3,4162
2404363636;-3,3823
2404383838;-3,3568
2404404040;-3,3334
2404424242;-3,3091
2404444444;-3,2953
2404464646;-3,2375
2404484848;-3,2282
2404505050;-3,2083
2404525252;-3,1730
2404545454;-3,1513
2404565656;-3,1147
2404585858;-3,1007
2404606060;-3,0639
2404626262;-3,0598
2404646464;-3,0336
2404666666;-3,0145
2404686868;-2,9897
2404707070;-2,9542
2404727272;-2,9423
2404747474;-2,9097
2404767676;-2,9003
2404787878;-2,8686
2404808080;-2,8615
2404828282;-2,8300
2404848484;-2,8025
2404868686;-2,7797
2404888888;-2,7738
2404909090;-2,7507
2404929292;-2,7406
2404949494;-2,7139
2404969696;-2,6820
2404989898;-2,6660
2405010100;-2,6405
2405030302;-2,6168
2405050504;-2,6180
2405070706;-2,5925
2405090908;-2,5677
2405111110;-2,5624
2405131312;-2,5481
2405151514;-2,5370
2405171716;-2,4959
2405191918;-2,4806
2405212120;-2,4721
2405232322;-2,4590
2405252524;-2,4353
2405272726;-2,4201
2405292928;-2,3970
2405313130;-2,3920
2405333332;-2,3578
2405353534;-2,3431
2405373736;-2,3418
2405393938;-2,3183
2405414140;-2,3016
2405434342;-2,2906
2405454544;-2,2712
2405474746;-2,2517
2405494948;-2,2444
2405515150;-2,2256
2405535352;-2,2197
2405555554;-2,2122
2405575756;-2,1814
2405595958;-2,1831
2405616160;-2,1813
2405636362;-2,1571
2405656564;-2,1385
2405676766;-2,1477
2405696968;-2,1163
2405717170;-2,1223
2405737372;-2,1077
2405757574;-2,0888
2405777776;-2,0775
2405797978;-2,0631
2405818180;-2,0601
2405838382;-2,0523
2405858584;-2,0382
2405878786;-2,0375
2405898988;-2,0338
2405919190;-2,0232
2405939392;-2,0014
2405959594;-2,0001
2405979796;-1,9923
2405999998;-1,9915
