worst_displacements = [
  0.07679015523189746,
  0.08523386341454395,
  0.07579677779864494,
  0.09715439261357427,
  0.07430671164876614,
  0.07182326806563481,
  0.08374379726466515,
  0.06685638089937218,
  0.024637839986139765,
  0.08275041983141262
];

best_displacements = [
  0.03953850148492768,
  0.02712128356927108,
  0.07679015523189746,
  0.06685638089937218,
  0.031591482018907456,
  0.012220622070483172,
  0.061392805016483275,
  0.07927359881502878,
  0.09318088288056417,
  0.06288287116636207
];