TSASCAN;01-06-2023;18:51:53;0;2404;2406;55,00;5,00;100;Logmag;dB;0;0
2404000000;4,7748
2404020202;4,7708
2404040404;4,7774
2404060606;4,7756
2404080808;4,7749
2404101010;4,7851
2404121212;4,7721
2404141414;4,7834
2404161616;4,7853
2404181818;4,7896
2404202020;4,7804
2404222222;4,7874
2404242424;4,7819
2404262626;4,7882
2404282828;4,7863
2404303030;4,7878
2404323232;4,7849
2404343434;4,7834
2404363636;4,7852
2404383838;4,7922
2404404040;4,7907
2404424242;4,7884
2404444444;4,7844
2404464646;4,7922
2404484848;4,7960
2404505050;4,7883
2404525252;4,7861
2404545454;4,7855
2404565656;4,7859
2404585858;4,7833
2404606060;4,7742
2404626262;4,7759
2404646464;4,7714
2404666666;4,7729
2404686868;4,7669
2404707070;4,7726
2404727272;4,7709
2404747474;4,7636
2404767676;4,7650
2404787878;4,7662
2404808080;4,7602
2404828282;4,7692
2404848484;4,7686
2404868686;4,7627
2404888888;4,7664
2404909090;4,7658
2404929292;4,7530
2404949494;4,7530
2404969696;4,7585
2404989898;4,7527
2405010100;4,7570
2405030302;4,7506
2405050504;4,7473
2405070706;4,7413
2405090908;4,7439
2405111110;4,7464
2405131312;4,7383
2405151514;4,7299
2405171716;4,7286
2405191918;4,7327
2405212120;4,7318
2405232322;4,7260
2405252524;4,7220
2405272726;4,7228
2405292928;4,7261
2405313130;4,7180
2405333332;4,7105
2405353534;4,7069
2405373736;4,7077
2405393938;4,7097
2405414140;4,7037
2405434342;4,6987
2405454544;4,6981
2405474746;4,6937
2405494948;4,6901
2405515150;4,6937
2405535352;4,6946
2405555554;4,6811
2405575756;4,6788
2405595958;4,6828
2405616160;4,6786
2405636362;4,6763
2405656564;4,6760
2405676766;4,6684
2405696968;4,6686
2405717170;4,6712
2405737372;4,6598
2405757574;4,6610
2405777776;4,6568
2405797978;4,6471
2405818180;4,6467
2405838382;4,6308
2405858584;4,6345
2405878786;4,6301
2405898988;4,6237
2405919190;4,6198
2405939392;4,6292
2405959594;4,6284
2405979796;4,6294
2405999998;4,6252
