TSASCAN;01-06-2023;19:13:05;0;2404;2406;55,00;5,00;100;Logmag;dB;0;0
2404000000;-20,4482
2404020202;-20,5430
2404040404;-20,8696
2404060606;-20,8877
2404080808;-21,1740
2404101010;-21,4467
2404121212;-21,6750
2404141414;-21,7231
2404161616;-22,1863
2404181818;-22,3929
2404202020;-22,6368
2404222222;-22,9104
2404242424;-23,2148
2404262626;-23,2876
2404282828;-23,6809
2404303030;-23,9457
2404323232;-24,2524
2404343434;-24,5462
2404363636;-24,7982
2404383838;-24,9983
2404404040;-25,4929
2404424242;-25,5430
2404444444;-26,1917
2404464646;-26,4211
2404484848;-26,8059
2404505050;-27,1623
2404525252;-27,4759
2404545454;-27,7237
2404565656;-28,3633
2404585858;-28,7123
2404606060;-28,9456
2404626262;-29,9489
2404646464;-29,9519
2404666666;-30,7179
2404686868;-31,3576
2404707070;-31,6564
2404727272;-32,1790
2404747474;-33,2147
2404767676;-33,4146
2404787878;-34,5475
2404808080;-35,2510
2404828282;-35,5003
2404848484;-36,3077
2404868686;-37,5180
2404888888;-38,3789
2404909090;-39,2325
2404929292;-40,2461
2404949494;-39,5095
2404969696;-40,4691
2404989898;-39,2675
2405010100;-40,3823
2405030302;-39,1370
2405050504;-39,4661
2405070706;-37,9480
2405090908;-36,9904
2405111110;-36,6460
2405131312;-35,2723
2405151514;-34,4992
2405171716;-34,0740
2405191918;-33,8916
2405212120;-32,7815
2405232322;-32,5259
2405252524;-31,6187
2405272726;-31,3874
2405292928;-30,7056
2405313130;-30,2426
2405333332;-29,8214
2405353534;-29,6514
2405373736;-29,2353
2405393938;-28,7311
2405414140;-28,1930
2405434342;-27,9891
2405454544;-27,8622
2405474746;-27,3265
2405494948;-26,9768
2405515150;-27,0075
2405535352;-26,3799
2405555554;-26,1737
2405575756;-25,8699
2405595958;-25,4230
2405616160;-25,2528
2405636362;-25,1112
2405656564;-24,9435
2405676766;-24,8278
2405696968;-24,5230
2405717170;-24,3321
2405737372;-24,3605
2405757574;-24,1975
2405777776;-23,9195
2405797978;-23,6608
2405818180;-23,5719
2405838382;-23,3468
2405858584;-23,2774
2405878786;-22,9827
2405898988;-22,8186
2405919190;-22,7017
2405939392;-22,6524
2405959594;-22,4718
2405979796;-22,1394
2405999998;-22,0235
