TSASCAN;02-06-2023;02:55:12;0;2404;2406;55,00;5,00;100;Logmag;dB;0;0
2404000000;-7,3557
2404020202;-7,4139
2404040404;-7,4561
2404060606;-7,4948
2404080808;-7,5649
2404101010;-7,6177
2404121212;-7,6871
2404141414;-7,7530
2404161616;-7,8090
2404181818;-7,8738
2404202020;-7,9033
2404222222;-7,9660
2404242424;-8,0219
2404262626;-8,0491
2404282828;-8,0942
2404303030;-8,1483
2404323232;-8,2306
2404343434;-8,2633
2404363636;-8,3403
2404383838;-8,4133
2404404040;-8,4376
2404424242;-8,5243
2404444444;-8,5366
2404464646;-8,6315
2404484848;-8,7049
2404505050;-8,7603
2404525252;-8,8043
2404545454;-8,8474
2404565656;-8,9137
2404585858;-8,9898
2404606060;-9,0401
2404626262;-9,0669
2404646464;-9,0995
2404666666;-9,1550
2404686868;-9,2357
2404707070;-9,2651
2404727272;-9,3388
2404747474;-9,3707
2404767676;-9,4032
2404787878;-9,4820
2404808080;-9,5535
2404828282;-9,5829
2404848484;-9,6202
2404868686;-9,6949
2404888888;-9,7592
2404909090;-9,7882
2404929292;-9,8673
2404949494;-9,9332
2404969696;-9,9831
2404989898;-9,9799
2405010100;-10,0830
2405030302;-10,1170
2405050504;-10,1321
2405070706;-10,2357
2405090908;-10,2296
2405111110;-10,2917
2405131312;-10,3630
2405151514;-10,3729
2405171716;-10,4352
2405191918;-10,5017
2405212120;-10,5135
2405232322;-10,5360
2405252524;-10,6145
2405272726;-10,6247
2405292928;-10,6485
2405313130;-10,6882
2405333332;-10,7507
2405353534;-10,7762
2405373736;-10,8231
2405393938;-10,8548
2405414140;-10,9089
2405434342;-10,9311
2405454544;-10,9142
2405474746;-10,9941
2405494948;-11,0188
2405515150;-11,0458
2405535352;-11,0941
2405555554;-11,1100
2405575756;-11,1093
2405595958;-11,1829
2405616160;-11,1917
2405636362;-11,2158
2405656564;-11,2078
2405676766;-11,2622
2405696968;-11,2808
2405717170;-11,2842
2405737372;-11,2606
2405757574;-11,3109
2405777776;-11,3387
2405797978;-11,3390
2405818180;-11,3091
2405838382;-11,3479
2405858584;-11,3490
2405878786;-11,4013
2405898988;-11,3928
2405919190;-11,3852
2405939392;-11,4122
2405959594;-11,4111
2405979796;-11,4168
2405999998;-11,4352
