Far field
"Phi"[deg]	"FarField1 [dBV]"	
0.00000000E+00	-1.33553335E+01	
5.00000000E-01	-1.34856016E+01	
1.00000000E+00	-1.36120657E+01	
1.50000000E+00	-1.37342708E+01	
2.00000000E+00	-1.38516896E+01	
2.50000000E+00	-1.39637185E+01	
3.00000000E+00	-1.40696774E+01	
3.50000000E+00	-1.41688118E+01	
4.00000000E+00	-1.42602991E+01	
4.50000000E+00	-1.43432591E+01	
5.00000000E+00	-1.44167692E+01	
5.50000000E+00	-1.44798850E+01	
6.00000000E+00	-1.45316656E+01	
6.50000000E+00	-1.45712041E+01	
7.00000000E+00	-1.45976610E+01	
7.50000000E+00	-1.46103004E+01	
8.00000000E+00	-1.46085262E+01	
8.50000000E+00	-1.45919160E+01	
9.00000000E+00	-1.45602509E+01	
9.50000000E+00	-1.45135383E+01	
1.00000000E+01	-1.44520262E+01	
1.05000000E+01	-1.43762082E+01	
1.10000000E+01	-1.42868175E+01	
1.15000000E+01	-1.41848126E+01	
1.20000000E+01	-1.40713544E+01	
1.25000000E+01	-1.39477779E+01	
1.30000000E+01	-1.38155594E+01	
1.35000000E+01	-1.36762842E+01	
1.40000000E+01	-1.35316138E+01	
1.45000000E+01	-1.33832573E+01	
1.50000000E+01	-1.32329465E+01	
1.55000000E+01	-1.30824169E+01	
1.60000000E+01	-1.29333936E+01	
1.65000000E+01	-1.27875834E+01	
1.70000000E+01	-1.26466728E+01	
1.75000000E+01	-1.25123302E+01	
1.80000000E+01	-1.23862141E+01	
1.85000000E+01	-1.22699851E+01	
1.90000000E+01	-1.21653221E+01	
1.95000000E+01	-1.20739436E+01	
2.00000000E+01	-1.19976329E+01	
2.05000000E+01	-1.19382680E+01	
2.10000000E+01	-1.18978587E+01	
2.15000000E+01	-1.18785893E+01	
2.20000000E+01	-1.18828721E+01	
2.25000000E+01	-1.19134123E+01	
2.30000000E+01	-1.19732897E+01	
2.35000000E+01	-1.20660628E+01	
2.40000000E+01	-1.21959039E+01	
2.45000000E+01	-1.23677794E+01	
2.50000000E+01	-1.25876934E+01	
2.55000000E+01	-1.28630276E+01	
2.60000000E+01	-1.32030263E+01	
2.65000000E+01	-1.36195099E+01	
2.70000000E+01	-1.41279620E+01	
2.75000000E+01	-1.47492514E+01	
2.80000000E+01	-1.55124969E+01	
2.85000000E+01	-1.64601181E+01	
2.90000000E+01	-1.76574310E+01	
2.95000000E+01	-1.92127160E+01	
3.00000000E+01	-2.13250343E+01	
3.05000000E+01	-2.44209200E+01	
3.10000000E+01	-2.96414086E+01	
3.15000000E+01	-3.66161752E+01	
3.20000000E+01	-2.82377258E+01	
3.25000000E+01	-2.26047923E+01	
3.30000000E+01	-1.89260520E+01	
3.35000000E+01	-1.61737073E+01	
3.40000000E+01	-1.39553621E+01	
3.45000000E+01	-1.20849500E+01	
3.50000000E+01	-1.04603517E+01	
3.55000000E+01	-9.01970886E+00	
3.60000000E+01	-7.72282216E+00	
3.65000000E+01	-6.54216490E+00	
3.70000000E+01	-5.45811479E+00	
3.75000000E+01	-4.45623452E+00	
3.80000000E+01	-3.52562943E+00	
3.85000000E+01	-2.65790833E+00	
3.90000000E+01	-1.84650025E+00	
3.95000000E+01	-1.08619033E+00	
4.00000000E+01	-3.72795959E-01	
4.05000000E+01	2.97064801E-01	
4.10000000E+01	9.26141960E-01	
4.15000000E+01	1.51667883E+00	
4.20000000E+01	2.07050631E+00	
4.25000000E+01	2.58911465E+00	
4.30000000E+01	3.07370877E+00	
4.35000000E+01	3.52525097E+00	
4.40000000E+01	3.94449425E+00	
4.45000000E+01	4.33200814E+00	
4.50000000E+01	4.68819859E+00	
4.55000000E+01	5.01332322E+00	
4.60000000E+01	5.30750241E+00	
4.65000000E+01	5.57072719E+00	
4.70000000E+01	5.80286398E+00	
4.75000000E+01	6.00365665E+00	
4.80000000E+01	6.17272591E+00	
4.85000000E+01	6.30956606E+00	
4.90000000E+01	6.41353903E+00	
4.95000000E+01	6.48386534E+00	
5.00000000E+01	6.51961169E+00	
5.05000000E+01	6.51967459E+00	
5.10000000E+01	6.48275919E+00	
5.15000000E+01	6.40735219E+00	
5.20000000E+01	6.29168746E+00	
5.25000000E+01	6.13370206E+00	
5.30000000E+01	5.93098008E+00	
5.35000000E+01	5.68068009E+00	
5.40000000E+01	5.37944065E+00	
5.45000000E+01	5.02325578E+00	
5.50000000E+01	4.60730843E+00	
5.55000000E+01	4.12574421E+00	
5.60000000E+01	3.57135820E+00	
5.65000000E+01	2.93515219E+00	
5.70000000E+01	2.20569373E+00	
5.75000000E+01	1.36816265E+00	
5.80000000E+01	4.02889231E-01	
5.85000000E+01	-7.16963684E-01	
5.90000000E+01	-2.02920786E+00	
5.95000000E+01	-3.58908257E+00	
6.00000000E+01	-5.48026272E+00	
6.05000000E+01	-7.83148812E+00	
6.10000000E+01	-1.08171376E+01	
6.15000000E+01	-1.43754710E+01	
6.20000000E+01	-1.62490772E+01	
6.25000000E+01	-1.38347574E+01	
6.30000000E+01	-1.06872612E+01	
6.35000000E+01	-8.21282838E+00	
6.40000000E+01	-6.33433280E+00	
6.45000000E+01	-4.88655065E+00	
6.50000000E+01	-3.75624865E+00	
6.55000000E+01	-2.87090951E+00	
6.60000000E+01	-2.18333607E+00	
6.65000000E+01	-1.66208250E+00	
6.70000000E+01	-1.28590985E+00	
6.75000000E+01	-1.04055068E+00	
6.80000000E+01	-9.16797741E-01	
6.85000000E+01	-9.09388794E-01	
6.90000000E+01	-1.01641027E+00	
6.95000000E+01	-1.23908477E+00	
7.00000000E+01	-1.58189952E+00	
7.05000000E+01	-2.05311148E+00	
7.10000000E+01	-2.66576103E+00	
7.15000000E+01	-3.43948485E+00	
7.20000000E+01	-4.40373403E+00	
7.25000000E+01	-5.60371421E+00	
7.30000000E+01	-7.11216682E+00	
7.35000000E+01	-9.05538314E+00	
7.40000000E+01	-1.16805799E+01	
7.45000000E+01	-1.55816748E+01	
7.50000000E+01	-2.29694084E+01	
7.55000000E+01	-3.17775026E+01	
7.60000000E+01	-1.84845102E+01	
7.65000000E+01	-1.35283758E+01	
7.70000000E+01	-1.04921539E+01	
7.75000000E+01	-8.34831823E+00	
7.80000000E+01	-6.73190609E+00	
7.85000000E+01	-5.47069093E+00	
7.90000000E+01	-4.46963751E+00	
7.95000000E+01	-3.67074105E+00	
8.00000000E+01	-3.03598009E+00	
8.05000000E+01	-2.53903922E+00	
8.10000000E+01	-2.16086927E+00	
8.15000000E+01	-1.88710562E+00	
8.20000000E+01	-1.70645373E+00	
8.25000000E+01	-1.60960249E+00	
8.30000000E+01	-1.58843134E+00	
8.35000000E+01	-1.63537841E+00	
8.40000000E+01	-1.74289240E+00	
8.45000000E+01	-1.90292666E+00	
8.50000000E+01	-2.10646606E+00	
8.55000000E+01	-2.34311302E+00	
8.60000000E+01	-2.60080567E+00	
8.65000000E+01	-2.86579293E+00	
8.70000000E+01	-3.12302975E+00	
8.75000000E+01	-3.35713894E+00	
8.80000000E+01	-3.55396287E+00	
8.85000000E+01	-3.70248559E+00	
8.90000000E+01	-3.79662982E+00	
8.95000000E+01	-3.83631354E+00	
9.00000000E+01	-3.82734708E+00	
9.05000000E+01	-3.78020339E+00	
9.10000000E+01	-3.70812508E+00	
9.15000000E+01	-3.62518063E+00	
9.20000000E+01	-3.54472941E+00	
9.25000000E+01	-3.47847222E+00	
9.30000000E+01	-3.43603489E+00	
9.35000000E+01	-3.42492413E+00	
9.40000000E+01	-3.45068672E+00	
9.45000000E+01	-3.51714169E+00	
9.50000000E+01	-3.62660266E+00	
9.55000000E+01	-3.78004491E+00	
9.60000000E+01	-3.97719691E+00	
9.65000000E+01	-4.21655077E+00	
9.70000000E+01	-4.49529656E+00	
9.75000000E+01	-4.80919550E+00	
9.80000000E+01	-5.15242226E+00	
9.85000000E+01	-5.51742892E+00	
9.90000000E+01	-5.89491368E+00	
9.95000000E+01	-6.27400818E+00	
1.00000000E+02	-6.64281012E+00	
1.00500000E+02	-6.98935128E+00	
1.01000000E+02	-7.30297642E+00	
1.01500000E+02	-7.57592357E+00	
1.02000000E+02	-7.80471633E+00	
1.02500000E+02	-7.99093215E+00	
1.03000000E+02	-8.14108039E+00	
1.03500000E+02	-8.26564703E+00	
1.04000000E+02	-8.37765390E+00	
1.04500000E+02	-8.49117926E+00	
1.05000000E+02	-8.62018474E+00	
1.05500000E+02	-8.77780064E+00	
1.06000000E+02	-8.97605737E+00	
1.06500000E+02	-9.22596684E+00	
1.07000000E+02	-9.53784648E+00	
1.07500000E+02	-9.92180945E+00	
1.08000000E+02	-1.03883910E+01	
1.08500000E+02	-1.09493344E+01	
1.09000000E+02	-1.16186208E+01	
1.09500000E+02	-1.24139210E+01	
1.10000000E+02	-1.33588037E+01	
1.10500000E+02	-1.44863698E+01	
1.11000000E+02	-1.58457185E+01	
1.11500000E+02	-1.75145181E+01	
1.12000000E+02	-1.96262088E+01	
1.12500000E+02	-2.24376052E+01	
1.13000000E+02	-2.65274045E+01	
1.13500000E+02	-3.32247839E+01	
1.14000000E+02	-3.37970125E+01	
1.14500000E+02	-2.70813258E+01	
1.15000000E+02	-2.30336523E+01	
1.15500000E+02	-2.03083808E+01	
1.16000000E+02	-1.82890599E+01	
1.16500000E+02	-1.67022370E+01	
1.17000000E+02	-1.54045832E+01	
1.17500000E+02	-1.43111352E+01	
1.18000000E+02	-1.33668046E+01	
1.18500000E+02	-1.25334439E+01	
1.19000000E+02	-1.17833809E+01	
1.19500000E+02	-1.10959582E+01	
1.20000000E+02	-1.04555763E+01	
1.20500000E+02	-9.85052499E+00	
1.21000000E+02	-9.27222501E+00	
1.21500000E+02	-8.71467709E+00	
1.22000000E+02	-8.17400643E+00	
1.22500000E+02	-7.64805100E+00	
1.23000000E+02	-7.13597614E+00	
1.23500000E+02	-6.63791859E+00	
1.24000000E+02	-6.15467025E+00	
1.24500000E+02	-5.68741177E+00	
1.25000000E+02	-5.23750118E+00	
1.25500000E+02	-4.80631722E+00	
1.26000000E+02	-4.39515196E+00	
1.26500000E+02	-4.00514459E+00	
1.27000000E+02	-3.63724732E+00	
1.27500000E+02	-3.29221438E+00	
1.28000000E+02	-2.97060687E+00	
1.28500000E+02	-2.67280718E+00	
1.29000000E+02	-2.39903862E+00	
1.29500000E+02	-2.14938716E+00	
1.30000000E+02	-1.92382312E+00	
1.30500000E+02	-1.72222171E+00	
1.31000000E+02	-1.54438156E+00	
1.31500000E+02	-1.39004108E+00	
1.32000000E+02	-1.25889267E+00	
1.32500000E+02	-1.15059465E+00	
1.33000000E+02	-1.06478145E+00	
1.33500000E+02	-1.00107193E+00	
1.34000000E+02	-9.59076343E-01	
1.34500000E+02	-9.38402006E-01	
1.35000000E+02	-9.38657931E-01	
1.35500000E+02	-9.59458604E-01	
1.36000000E+02	-1.00042707E+00	
1.36500000E+02	-1.06119743E+00	
1.37000000E+02	-1.14141693E+00	
1.37500000E+02	-1.24074765E+00	
1.38000000E+02	-1.35886798E+00	
1.38500000E+02	-1.49547387E+00	
1.39000000E+02	-1.65027997E+00	
1.39500000E+02	-1.82302067E+00	
1.40000000E+02	-2.01345111E+00	
1.40500000E+02	-2.22134823E+00	
1.41000000E+02	-2.44651181E+00	
1.41500000E+02	-2.68876561E+00	
1.42000000E+02	-2.94795863E+00	
1.42500000E+02	-3.22396649E+00	
1.43000000E+02	-3.51669299E+00	
1.43500000E+02	-3.82607186E+00	
1.44000000E+02	-4.15206878E+00	
1.44500000E+02	-4.49468364E+00	
1.45000000E+02	-4.85395318E+00	
1.45500000E+02	-5.22995390E+00	
1.46000000E+02	-5.62280558E+00	
1.46500000E+02	-6.03267509E+00	
1.47000000E+02	-6.45978099E+00	
1.47500000E+02	-6.90439863E+00	
1.48000000E+02	-7.36686622E+00	
1.48500000E+02	-7.84759169E+00	
1.49000000E+02	-8.34706074E+00	
1.49500000E+02	-8.86584614E+00	
1.50000000E+02	-9.40461860E+00	
1.50500000E+02	-9.96415943E+00	
1.51000000E+02	-1.05453753E+01	
1.51500000E+02	-1.11493157E+01	
1.52000000E+02	-1.17771930E+01	
1.52500000E+02	-1.24304063E+01	
1.53000000E+02	-1.31105688E+01	
1.53500000E+02	-1.38195399E+01	
1.54000000E+02	-1.45594607E+01	
1.54500000E+02	-1.53327941E+01	
1.55000000E+02	-1.61423661E+01	
1.55500000E+02	-1.69914036E+01	
1.56000000E+02	-1.78835594E+01	
1.56500000E+02	-1.88229021E+01	
1.57000000E+02	-1.98138275E+01	
1.57500000E+02	-2.08608084E+01	
1.58000000E+02	-2.19678122E+01	
1.58500000E+02	-2.31370586E+01	
1.59000000E+02	-2.43664923E+01	
1.59500000E+02	-2.56448675E+01	
1.60000000E+02	-2.69428505E+01	
1.60500000E+02	-2.81992320E+01	
1.61000000E+02	-2.93070599E+01	
1.61500000E+02	-3.01200101E+01	
1.62000000E+02	-3.05088190E+01	
1.62500000E+02	-3.04476737E+01	
1.63000000E+02	-3.00348058E+01	
1.63500000E+02	-2.94192302E+01	
1.64000000E+02	-2.87252597E+01	
1.64500000E+02	-2.80297344E+01	
1.65000000E+02	-2.73716530E+01	
1.65500000E+02	-2.67671641E+01	
1.66000000E+02	-2.62203514E+01	
1.66500000E+02	-2.57294606E+01	
1.67000000E+02	-2.52901713E+01	
1.67500000E+02	-2.48972297E+01	
1.68000000E+02	-2.45452292E+01	
1.68500000E+02	-2.42289615E+01	
1.69000000E+02	-2.39435553E+01	
1.69500000E+02	-2.36845144E+01	
1.70000000E+02	-2.34477116E+01	
1.70500000E+02	-2.32293653E+01	
1.71000000E+02	-2.30260138E+01	
1.71500000E+02	-2.28344935E+01	
1.72000000E+02	-2.26519236E+01	
1.72500000E+02	-2.24756973E+01	
1.73000000E+02	-2.23034788E+01	
1.73500000E+02	-2.21332062E+01	
1.74000000E+02	-2.19630950E+01	
1.74500000E+02	-2.17916443E+01	
1.75000000E+02	-2.16176399E+01	
1.75500000E+02	-2.14401553E+01	
1.76000000E+02	-2.12585476E+01	
1.76500000E+02	-2.10724481E+01	
1.77000000E+02	-2.08817469E+01	
1.77500000E+02	-2.06865730E+01	
1.78000000E+02	-2.04872686E+01	
1.78500000E+02	-2.02843615E+01	
1.79000000E+02	-2.00785346E+01	
1.79500000E+02	-1.98705958E+01	
1.80000000E+02	-1.96614486E+01	
